-2.40	-2.30		20.00	25.00		0.9681636	0.0111036	0.0111036
-2.40	-2.30		25.00	30.00		0.9846004	0.0068572	0.0068572
-2.40	-2.30		30.00	40.00		0.9994089	0.0028558	0.0028558
-2.40	-2.30		40.00	50.00		0.9996410	0.0018963	0.0018963
-2.40	-2.30		50.00	60.00		0.9990291	0.0035220	0.0035220
-2.40	-2.30		60.00	120.0		0.9999856	0.0046380	0.0046380
-2.30	-2.20		20.00	25.00		0.9821938	0.0106314	0.0106314
-2.30	-2.20		25.00	30.00		0.9952914	0.0063563	0.0063563
-2.30	-2.20		30.00	40.00		0.9968221	0.0023778	0.0023778
-2.30	-2.20		40.00	50.00		1.0003365	0.0015113	0.0015113
-2.30	-2.20		50.00	60.00		0.9982035	0.0026779	0.0026779
-2.30	-2.20		60.00	120.0		0.9956169	0.0035893	0.0035893
-2.20	-2.10		20.00	25.00		0.9831674	0.0100295	0.0100295
-2.20	-2.10		25.00	30.00		0.9896342	0.0057680	0.0057680
-2.20	-2.10		30.00	40.00		0.9948836	0.0022531	0.0022531
-2.20	-2.10		40.00	50.00		0.9975079	0.0004842	0.0004842
-2.20	-2.10		50.00	60.00		1.0001154	0.0024654	0.0024654
-2.20	-2.10		60.00	120.0		1.0036248	0.0037087	0.0037087
-2.10	-2.00		20.00	25.00		0.9978469	0.0091786	0.0091786
-2.10	-2.00		25.00	30.00		0.9925279	0.0055055	0.0055055
-2.10	-2.00		30.00	40.00		0.9980920	0.0022289	0.0022289
-2.10	-2.00		40.00	50.00		0.9973979	0.0011360	0.0011360
-2.10	-2.00		50.00	60.00		0.9977859	0.0020841	0.0020841
-2.10	-2.00		60.00	120.0		0.9966469	0.0025220	0.0025220
-2.00	-1.70		20.00	25.00		0.9904397	0.0057407	0.0057407
-2.00	-1.70		25.00	30.00		0.9938039	0.0033627	0.0033627
-2.00	-1.70		30.00	40.00		0.9968646	0.0013103	0.0013103
-2.00	-1.70		40.00	50.00		0.9974194	0.0005517	0.0005517
-2.00	-1.70		50.00	60.00		0.9990690	0.0012353	0.0012353
-2.00	-1.70		60.00	120.0		0.9990103	0.0016497	0.0016497
-1.70	-1.60		20.00	25.00		0.9771234	0.0098420	0.0098420
-1.70	-1.60		25.00	30.00		0.9904611	0.0060406	0.0060406
-1.70	-1.60		30.00	40.00		0.9971374	0.0023461	0.0023461
-1.70	-1.60		40.00	50.00		0.9974897	0.0010863	0.0010863
-1.70	-1.60		50.00	60.00		0.9962637	0.0019959	0.0019959
-1.70	-1.60		60.00	120.0		1.0004958	0.0026642	0.0026642
-1.60	-1.50		20.00	25.00		0.9828756	0.0103648	0.0103648
-1.60	-1.50		25.00	30.00		0.9905055	0.0059907	0.0059907
-1.60	-1.50		30.00	40.00		0.9978351	0.0023421	0.0023421
-1.60	-1.50		40.00	50.00		0.9984999	0.0010927	0.0010927
-1.60	-1.50		50.00	60.00		0.9986169	0.0021817	0.0021817
-1.60	-1.50		60.00	120.0		0.9985056	0.0027124	0.0027124
-1.50	-1.40		20.00	25.00		0.9888101	0.0118949	0.0118949
-1.50	-1.40		25.00	30.00		0.9915584	0.0063913	0.0063913
-1.50	-1.40		30.00	40.00		0.9946706	0.0024742	0.0024742
-1.50	-1.40		40.00	50.00		0.9973640	0.0012179	0.0012179
-1.50	-1.40		50.00	60.00		0.9971399	0.0020763	0.0020763
-1.50	-1.40		60.00	120.0		0.9986766	0.0025986	0.0025986
-1.40	-1.20		20.00	25.00		0.9809618	0.0083240	0.0083240
-1.40	-1.20		25.00	30.00		0.9931644	0.0049780	0.0049780
-1.40	-1.20		30.00	40.00		0.9940527	0.0017143	0.0017143
-1.40	-1.20		40.00	50.00		0.9963227	0.0002605	0.0002605
-1.40	-1.20		50.00	60.00		0.9971675	0.0014500	0.0014500
-1.40	-1.20		60.00	120.0		0.9975508	0.0019290	0.0019290
-1.20	-0.80		20.00	25.00		0.9903828	0.0069790	0.0069790
-1.20	-0.80		25.00	30.00		0.9908975	0.0038125	0.0038125
-1.20	-0.80		30.00	40.00		0.9946858	0.0012511	0.0012511
-1.20	-0.80		40.00	50.00		0.9968811	0.0013962	0.0013962
-1.20	-0.80		50.00	60.00		0.9985970	0.0010844	0.0010844
-1.20	-0.80		60.00	120.0		0.9996928	0.0013858	0.0013858
-0.80	-0.50		20.00	25.00		0.9811723	0.0084942	0.0084942
-0.80	-0.50		25.00	30.00		0.9947965	0.0045330	0.0045330
-0.80	-0.50		30.00	40.00		0.9945411	0.0014033	0.0014033
-0.80	-0.50		40.00	50.00		0.9961352	0.0007536	0.0007536
-0.80	-0.50		50.00	60.00		0.9970410	0.0012545	0.0012545
-0.80	-0.50		60.00	120.0		0.9989993	0.0015673	0.0015673
-0.50	-0.30		20.00	25.00		0.9747792	0.0107069	0.0107069
-0.50	-0.30		25.00	30.00		0.9908660	0.0055911	0.0055911
-0.50	-0.30		30.00	40.00		0.9929921	0.0017282	0.0017282
-0.50	-0.30		40.00	50.00		0.9948581	0.0005345	0.0005345
-0.50	-0.30		50.00	60.00		0.9959706	0.0015598	0.0015598
-0.50	-0.30		60.00	120.0		0.9985151	0.0021210	0.0021210
-0.30	-0.20		20.00	25.00		0.9783566	0.0159212	0.0159212
-0.30	-0.20		25.00	30.00		0.9928501	0.0081866	0.0081866
-0.30	-0.20		30.00	40.00		0.9956390	0.0026244	0.0026244
-0.30	-0.20		40.00	50.00		0.9952356	0.0014367	0.0014367
-0.30	-0.20		50.00	60.00		0.9968171	0.0021889	0.0021889
-0.30	-0.20		60.00	120.0		0.9969487	0.0028216	0.0028216
-0.20	 0.00		20.00	25.00		0.9691775	0.0108196	0.0108196
-0.20	 0.00		25.00	30.00		0.9883941	0.0053063	0.0053063
-0.20	 0.00		30.00	40.00		0.9930541	0.0017534	0.0017534
-0.20	 0.00		40.00	50.00		0.9951452	0.0009809	0.0009809
-0.20	 0.00		50.00	60.00		0.9971685	0.0016323	0.0016323
-0.20	 0.00		60.00	120.0		0.9992991	0.0020745	0.0020745
0.00	0.20	20.00	25.00		0.9921337	0.0112580	0.0112580
0.00	0.20	25.00	30.00		0.9961430	0.0053484	0.0053484
0.00	0.20	30.00	40.00		0.9936771	0.0017366	0.0017366
0.00	0.20	40.00	50.00		0.9950692	0.0009660	0.0009660
0.00	0.20	50.00	60.00		0.9973528	0.0016452	0.0016452
0.00	0.20	60.00	120.0		0.9978642	0.0020061	0.0020061
0.20	0.30	20.00	25.00		0.9828189	0.0171291	0.0171291
0.20	0.30	25.00	30.00		0.9928226	0.0081040	0.0081040
0.20	0.30	30.00	40.00		0.9943389	0.0025982	0.0025982
0.20	0.30	40.00	50.00		0.9967204	0.0013087	0.0013087
0.20	0.30	50.00	60.00		0.9995239	0.0024793	0.0024793
0.20	0.30	60.00	120.0		0.9975970	0.0028443	0.0028443
0.30	0.50	20.00	25.00		0.9939275	0.0113287	0.0113287
0.30	0.50	25.00	30.00		0.9959453	0.0056285	0.0056285
0.30	0.50	30.00	40.00		0.9969477	0.0017038	0.0017038
0.30	0.50	40.00	50.00		0.9971910	0.0009407	0.0009407
0.30	0.50	50.00	60.00		0.9981857	0.0015561	0.0015561
0.30	0.50	60.00	120.0		1.0014392	0.0020290	0.0020290
0.50	0.80	20.00	25.00		0.9892905	0.0087186	0.0087186
0.50	0.80	25.00	30.00		1.0005248	0.0047365	0.0047365
0.50	0.80	30.00	40.00		0.9984674	0.0013926	0.0013926
0.50	0.80	40.00	50.00		0.9982638	0.0006858	0.0006858
0.50	0.80	50.00	60.00		0.9984743	0.0012645	0.0012645
0.50	0.80	60.00	120.0		1.0001812	0.0015616	0.0015616
0.80	1.20	20.00	25.00		0.9852483	0.0069730	0.0069730
0.80	1.20	25.00	30.00		1.0010140	0.0039940	0.0039940
0.80	1.20	30.00	40.00		0.9975735	0.0012607	0.0012607
0.80	1.20	40.00	50.00		0.9973742	0.0003841	0.0003841
0.80	1.20	50.00	60.00		0.9979951	0.0010520	0.0010520
0.80	1.20	60.00	120.0		0.9986532	0.0013544	0.0013544
1.20	1.40	20.00	25.00		0.9835097	0.0086988	0.0086988
1.20	1.40	25.00	30.00		0.9905421	0.0049204	0.0049204
1.20	1.40	30.00	40.00		0.9932825	0.0016930	0.0016930
1.20	1.40	40.00	50.00		0.9957951	0.0002858	0.0002858
1.20	1.40	50.00	60.00		0.9983791	0.0014969	0.0014969
1.20	1.40	60.00	120.0		1.0005057	0.0019601	0.0019601
1.40	1.50	20.00	25.00		0.9872849	0.0117169	0.0117169
1.40	1.50	25.00	30.00		0.9851876	0.0065603	0.0065603
1.40	1.50	30.00	40.00		0.9926390	0.0024653	0.0024653
1.40	1.50	40.00	50.00		0.9962212	0.0007928	0.0007928
1.40	1.50	50.00	60.00		0.9968911	0.0019426	0.0019426
1.40	1.50	60.00	120.0		0.9998111	0.0026578	0.0026578
1.50	1.60	20.00	25.00		0.9901404	0.0113518	0.0113518
1.50	1.60	25.00	30.00		0.9941406	0.0062685	0.0062685
1.50	1.60	30.00	40.00		0.9933299	0.0022834	0.0022834
1.50	1.60	40.00	50.00		0.9962177	0.0011647	0.0011647
1.50	1.60	50.00	60.00		1.0008212	0.0018340	0.0018340
1.50	1.60	60.00	120.0		0.9994473	0.0035120	0.0035120
1.60	1.70	20.00	25.00		0.9771331	0.0103542	0.0103542
1.60	1.70	25.00	30.00		0.9906783	0.0062352	0.0062352
1.60	1.70	30.00	40.00		0.9933028	0.0022023	0.0022023
1.60	1.70	40.00	50.00		0.9960690	0.0019793	0.0019793
1.60	1.70	50.00	60.00		0.9980078	0.0019091	0.0019091
1.60	1.70	60.00	120.0		0.9949679	0.0021490	0.0021490
1.70	2.00	20.00	25.00		0.9825877	0.0058121	0.0058121
1.70	2.00	25.00	30.00		0.9911664	0.0033984	0.0033984
1.70	2.00	30.00	40.00		0.9961712	0.0012971	0.0012971
1.70	2.00	40.00	50.00		0.9973268	0.0006842	0.0006842
1.70	2.00	50.00	60.00		0.9978806	0.0011376	0.0011376
1.70	2.00	60.00	120.0		1.0000612	0.0016713	0.0016713
2.00	2.10	20.00	25.00		0.9852586	0.0103220	0.0103220
2.00	2.10	25.00	30.00		0.9911385	0.0059910	0.0059910
2.00	2.10	30.00	40.00		0.9949275	0.0021995	0.0021995
2.00	2.10	40.00	50.00		0.9970490	0.0004357	0.0004357
2.00	2.10	50.00	60.00		0.9969173	0.0020804	0.0020804
2.00	2.10	60.00	120.0		0.9977659	0.0029643	0.0029643
2.10	2.20	20.00	25.00		0.9787141	0.0100765	0.0100765
2.10	2.20	25.00	30.00		0.9898601	0.0058698	0.0058698
2.10	2.20	30.00	40.00		0.9962774	0.0022371	0.0022371
2.10	2.20	40.00	50.00		0.9977100	0.0010837	0.0010837
2.10	2.20	50.00	60.00		0.9986970	0.0023965	0.0023965
2.10	2.20	60.00	120.0		1.0035820	0.0036447	0.0036447
2.20	2.30	20.00	25.00		0.9776966	0.0103340	0.0103340
2.20	2.30	25.00	30.00		0.9908994	0.0063529	0.0063529
2.20	2.30	30.00	40.00		0.9905363	0.0023301	0.0023301
2.20	2.30	40.00	50.00		0.9960013	0.0010959	0.0010959
2.20	2.30	50.00	60.00		0.9972591	0.0024395	0.0024395
2.20	2.30	60.00	120.0		1.0006730	0.0035008	0.0035008
2.30	2.40	20.00	25.00		0.9796682	0.0118219	0.0118219
2.30	2.40	25.00	30.00		0.9798996	0.0069242	0.0069242
2.30	2.40	30.00	40.00		0.9901374	0.0028144	0.0028144
2.30	2.40	40.00	50.00		0.9962843	0.0017983	0.0017983
2.30	2.40	50.00	60.00		0.9953079	0.0063262	0.0063262
2.30	2.40	60.00	120.0		1.0038583	0.0043726	0.0043726