0.0   0.9        29.0    32.0          0.898695409298  0.000339433639  0.000339433639
0.0   0.9        32.0    40.0          0.914193987846  0.000125369496  0.000125369496
0.0   0.9        40.0    50.0          0.924636483192  0.000092739540  0.000092739540
0.0   0.9        50.0    60.0          0.927585959435  0.000202153159  0.000202153159
0.0   0.9        60.0    120.0         0.928507566452  0.000466587444  0.000466587444
0.0   0.9        120.0   200.0         0.920659363270  0.001623123918  0.001623123918
0.0   0.9        200.0   1200.0        0.906362771988  0.003031751093  0.003031751093
0.9   1.2        29.0    32.0          0.862121164799  0.000832233009  0.000832233009
0.9   1.2        32.0    40.0          0.888695597649  0.000269731612  0.000269731612
0.9   1.2        40.0    50.0          0.903293132782  0.000184897885  0.000184897885
0.9   1.2        50.0    60.0          0.908488512039  0.000398908873  0.000398908873
0.9   1.2        60.0    120.0         0.906906187534  0.000775203957  0.000775203957
0.9   1.2        120.0   200.0         0.891971468925  0.003172106246  0.003172106246
0.9   1.2        200.0   1200.0        0.870596349239  0.006194279925  0.006194279925
1.2   2.1        29.0    32.0          0.818420886993  0.000597514273  0.000597514273
1.2   2.1        32.0    40.0          0.853924632072  0.000202914688  0.000202914688
1.2   2.1        40.0    50.0          0.876791834831  0.000133502009  0.000133502009
1.2   2.1        50.0    60.0          0.886351943016  0.000279080899  0.000279080899
1.2   2.1        60.0    120.0         0.891466498375  0.000530564304  0.000530564304
1.2   2.1        120.0   200.0         0.889698445797  0.003313296105  0.003313296105
1.2   2.1        200.0   1200.0        0.886049628258  0.004443704277  0.004443704277
2.1   2.4        29.0    32.0          0.642516553402  0.001291496272  0.001291496272
2.1   2.4        32.0    40.0          0.725704550743  0.000495433466  0.000495433466
2.1   2.4        40.0    50.0          0.772193610668  0.000371158838  0.000371158838
2.1   2.4        50.0    60.0          0.793129503727  0.000784123671  0.000784123671
2.1   2.4        60.0    120.0         0.803137958050  0.001788474245  0.001788474245
2.1   2.4        120.0   200.0         0.809643030167  0.007447636569  0.007447636569
2.1   2.4        200.0   1200.0        0.792246222496  0.019578207527  0.019578207527
