0.00   0.90      20.00   25.00               0.991077762776  0.003496720309  0.003496720309
0.00   0.90      25.00   30.00               0.987410468262  0.001897508296  0.001897508296
0.00   0.90      30.00   40.00               0.990775327914  0.000397750320  0.000397750320
0.00   0.90      40.00   50.00               0.989248358895  0.000323299413  0.000323299413
0.00   0.90      50.00   60.00               0.985554516033  0.000860273019  0.000860273019
0.00   0.90      60.00   120.0               0.989805737709  0.001620432742  0.001620432742
0.90   1.20      20.00   25.00               0.992738927552  0.004743737066  0.004743737066
0.90   1.20      25.00   30.00               0.985063939763  0.021878760842  0.021878760842
0.90   1.20      30.00   40.00               0.986535946418  0.000690352635  0.000690352635
0.90   1.20      40.00   50.00               0.984913093101  0.020135030915  0.020135030915
0.90   1.20      50.00   60.00               0.983905638476  0.001591723369  0.001591723369
0.90   1.20      60.00   120.0               0.984060403143  0.012127878049  0.012127878049
1.20   2.10      20.00   25.00               0.992425271988  0.007785952740  0.007785952740
1.20   2.10      25.00   30.00               0.989088446128  0.014905356048  0.014905356048
1.20   2.10      30.00   40.00               0.994646906988  0.012424223690  0.012424223690
1.20   2.10      40.00   50.00               0.992652882516  0.009931678115  0.009931678115
1.20   2.10      50.00   60.00               0.990636422294  0.000971321380  0.000971321380
1.20   2.10      60.00   120.0               0.992046432214  0.002135396457  0.002135396457
2.10   2.40      20.00   25.00               0.975809583953  0.004399315122  0.004399315122
2.10   2.40      25.00   30.00               0.974515359418  0.002711100983  0.002711100983
2.10   2.40      30.00   40.00               0.978741050016  0.001003557787  0.001003557787
2.10   2.40      40.00   50.00               0.978189122920  0.001123060594  0.001123060594
2.10   2.40      50.00   60.00               0.967356841610  0.003700652517  0.003700652517
2.10   2.40      60.00   120.0               0.976631185673  0.008626664669  0.008626664669
