0.00   0.90      20.00   25.00               0.992781348803  0.003621509586  0.003621509586
0.00   0.90      25.00   30.00               0.997332232619  0.001777155125  0.001777155125
0.00   0.90      30.00   40.00               0.997576733544  0.000484942712  0.000484942712
0.00   0.90      40.00   50.00               0.998212340490  0.000251331353  0.000251331353
0.00   0.90      50.00   60.00               0.998446695575  0.000456205996  0.000456205996
0.00   0.90      60.00   120.0               0.999529969744  0.000622124621  0.000622124621
0.90   1.20      20.00   25.00               0.995732951929  0.006433432777  0.006433432777
0.90   1.20      25.00   30.00               0.988968679025  0.003223732785  0.003223732785
0.90   1.20      30.00   40.00               0.994737975344  0.000923140434  0.000923140434
0.90   1.20      40.00   50.00               0.997015995715  0.000400903319  0.000400903319
0.90   1.20      50.00   60.00               0.999346249444  0.000904854836  0.000904854836
0.90   1.20      60.00   120.0               1.000017726711  0.001179695958  0.001179695958
1.20   2.10      20.00   25.00               0.991401054632  0.002668222086  0.002668222086
1.20   2.10      25.00   30.00               0.994066766324  0.001465987701  0.001465987701
1.20   2.10      30.00   40.00               0.995523772937  0.000482010496  0.000482010496
1.20   2.10      40.00   50.00               0.997467918855  0.000223810714  0.000223810714
1.20   2.10      50.00   60.00               0.998596887338  0.000489111385  0.000489111385
1.20   2.10      60.00   120.0               0.999649117604  0.000706612651  0.000706612651
2.10   2.40      20.00   25.00               0.988829710363  0.003656106240  0.003656106240
2.10   2.40      25.00   30.00               0.992319762458  0.001976294612  0.001976294612
2.10   2.40      30.00   40.00               0.994995867277  0.000708350599  0.000708350599
2.10   2.40      40.00   50.00               0.997926058557  0.000409835921  0.000409835921
2.10   2.40      50.00   60.00               0.999363924350  0.000859753630  0.000859753630
2.10   2.40      60.00   120.0               0.998346811655  0.001361811576  0.001361811576
