-5.191    -3.139    0    7000    1.076    0.0108    0.0213
-3.139    -2.964    0    7000    1.2063    0.0265    0.0264
-2.964    -2.853    0    15    1.0747    0.0153    0.0408
-2.964    -2.853    15    20    1.0875    0.0179    0.0408
-2.964    -2.853    20    25    1.1042    0.0213    0.0408
-2.964    -2.853    25    30    1.1246    0.0254    0.0408
-2.964    -2.853    30    35    1.1484    0.0304    0.0407
-2.964    -2.853    35    40    1.175    0.0358    0.0407
-2.964    -2.853    40    45    1.204    0.0408    0.0408
-2.964    -2.853    45    50    1.2352    0.0408    0.0408
-2.964    -2.853    50    55    1.2681    0.0409    0.0408
-2.964    -2.853    55    60    1.3023    0.0409    0.0408
-2.964    -2.853    60    65    1.3375    0.0408    0.0408
-2.964    -2.853    65    70    1.3734    0.0408    0.0408
-2.964    -2.853    70    75    1.4098    0.0409    0.0407
-2.964    -2.853    75    80    1.4462    0.0408    0.0408
-2.964    -2.853    80    85    1.4827    0.0409    0.0408
-2.964    -2.853    85    90    1.5189    0.0408    0.0408
-2.964    -2.853    90    95    1.5548    0.0409    0.0408
-2.964    -2.853    95    100    1.5902    0.0409    0.0408
-2.964    -2.853    100    105    1.6249    0.0409    0.0408
-2.964    -2.853    105    120    1.6923    0.0409    0.0407
-2.964    -2.853    120    135    1.787    0.0409    0.0408
-2.964    -2.853    135    150    1.8735    0.0409    0.0408
-2.964    -2.853    150    165    1.9516    0.0409    0.0408
-2.964    -2.853    165    180    2.0217    0.0409    0.0408
-2.964    -2.853    180    195    2.0843    0.0409    0.0408
-2.964    -2.853    195    210    2.14    0.0408    0.0408
-2.964    -2.853    210    225    2.1896    0.0409    0.0408
-2.964    -2.853    225    240    2.2337    0.0408    0.0408
-2.964    -2.853    240    255    2.273    0.0409    0.0408
-2.964    -2.853    255    270    2.308    0.0409    0.0408
-2.964    -2.853    270    285    2.3393    0.0409    0.0407
-2.964    -2.853    285    300    2.3672    0.0409    0.0408
-2.964    -2.853    300    315    2.3923    0.0409    0.0407
-2.964    -2.853    315    330    2.4148    0.0409    0.0408
-2.964    -2.853    330    345    2.435    0.0408    0.0408
-2.964    -2.853    345    360    2.4533    0.0408    0.0408
-2.964    -2.853    360    375    2.4699    0.0409    0.0408
-2.964    -2.853    375    390    2.4849    0.0409    0.0408
-2.964    -2.853    390    405    2.4986    0.0409    0.0407
-2.964    -2.853    405    420    2.511    0.0409    0.0408
-2.964    -2.853    420    435    2.5224    0.0409    0.0407
-2.964    -2.853    435    450    2.5327    0.0408    0.0408
-2.964    -2.853    450    465    2.5423    0.0409    0.0407
-2.964    -2.853    465    480    2.551    0.0409    0.0408
-2.964    -2.853    480    495    2.5591    0.0409    0.0408
-2.964    -2.853    495    7000    2.5665    0.0409    0.0408
-2.853    -2.65    0    15    1.0199    0.0018    0.0172
-2.853    -2.65    15    20    1.0341    0.0029    0.0173
-2.853    -2.65    20    25    1.0528    0.0046    0.0172
-2.853    -2.65    25    30    1.0755    0.0066    0.0172
-2.853    -2.65    30    35    1.1018    0.0089    0.0172
-2.853    -2.65    35    40    1.1311    0.0113    0.0173
-2.853    -2.65    40    45    1.1631    0.0141    0.0173
-2.853    -2.65    45    50    1.1973    0.0171    0.0173
-2.853    -2.65    50    55    1.2333    0.0174    0.0172
-2.853    -2.65    55    60    1.2706    0.0174    0.0172
-2.853    -2.65    60    65    1.3088    0.0174    0.0172
-2.853    -2.65    65    70    1.3477    0.0174    0.0172
-2.853    -2.65    70    75    1.3869    0.0174    0.0172
-2.853    -2.65    75    80    1.4262    0.0174    0.0173
-2.853    -2.65    80    85    1.4654    0.0174    0.0172
-2.853    -2.65    85    90    1.5043    0.0174    0.0172
-2.853    -2.65    90    95    1.5427    0.0174    0.0172
-2.853    -2.65    95    100    1.5804    0.0173    0.0173
-2.853    -2.65    100    105    1.6175    0.0173    0.0173
-2.853    -2.65    105    120    1.6892    0.0174    0.0173
-2.853    -2.65    120    135    1.7897    0.0173    0.0173
-2.853    -2.65    135    150    1.8812    0.0173    0.0173
-2.853    -2.65    150    165    1.9637    0.0173    0.0173
-2.853    -2.65    165    180    2.0376    0.0174    0.0173
-2.853    -2.65    180    195    2.1034    0.0173    0.0173
-2.853    -2.65    195    210    2.162    0.0173    0.0173
-2.853    -2.65    210    225    2.2141    0.0174    0.0173
-2.853    -2.65    225    240    2.2604    0.0174    0.0172
-2.853    -2.65    240    255    2.3015    0.0173    0.0173
-2.853    -2.65    255    270    2.3382    0.0173    0.0173
-2.853    -2.65    270    285    2.3709    0.0173    0.0173
-2.853    -2.65    285    300    2.4002    0.0174    0.0172
-2.853    -2.65    300    315    2.4264    0.0173    0.0173
-2.853    -2.65    315    330    2.45    0.0174    0.0172
-2.853    -2.65    330    345    2.4712    0.0174    0.0172
-2.853    -2.65    345    360    2.4903    0.0174    0.0172
-2.853    -2.65    360    375    2.5076    0.0174    0.0172
-2.853    -2.65    375    390    2.5233    0.0174    0.0172
-2.853    -2.65    390    405    2.5376    0.0174    0.0172
-2.853    -2.65    405    420    2.5505    0.0173    0.0173
-2.853    -2.65    420    435    2.5624    0.0174    0.0173
-2.853    -2.65    435    450    2.5732    0.0173    0.0173
-2.853    -2.65    450    465    2.5832    0.0174    0.0173
-2.853    -2.65    465    480    2.5923    0.0173    0.0173
-2.853    -2.65    480    495    2.6008    0.0174    0.0172
-2.853    -2.65    495    7000    2.6085    0.0173    0.0173
-2.65    -2.5    0    15    1.1583    0.012    0.0151
-2.65    -2.5    15    20    1.1607    0.0121    0.0151
-2.65    -2.5    20    25    1.164    0.0124    0.0151
-2.65    -2.5    25    30    1.168    0.0126    0.0151
-2.65    -2.5    30    35    1.1729    0.013    0.0151
-2.65    -2.5    35    40    1.1785    0.0134    0.0151
-2.65    -2.5    40    45    1.1849    0.0139    0.0151
-2.65    -2.5    45    50    1.192    0.0145    0.0151
-2.65    -2.5    50    55    1.1998    0.0151    0.0151
-2.65    -2.5    55    60    1.2082    0.0151    0.0151
-2.65    -2.5    60    65    1.2173    0.0151    0.0151
-2.65    -2.5    65    70    1.227    0.0151    0.015
-2.65    -2.5    70    75    1.2372    0.0151    0.0151
-2.65    -2.5    75    80    1.2479    0.015    0.0151
-2.65    -2.5    80    85    1.2592    0.0151    0.015
-2.65    -2.5    85    90    1.2709    0.0151    0.015
-2.65    -2.5    90    95    1.283    0.0151    0.015
-2.65    -2.5    95    100    1.2954    0.015    0.0151
-2.65    -2.5    100    105    1.3083    0.0151    0.015
-2.65    -2.5    105    120    1.3348    0.0151    0.0151
-2.65    -2.5    120    135    1.3764    0.015    0.0151
-2.65    -2.5    135    150    1.4195    0.0151    0.0151
-2.65    -2.5    150    165    1.4632    0.015    0.0151
-2.65    -2.5    165    180    1.5071    0.0151    0.0151
-2.65    -2.5    180    195    1.5506    0.0151    0.0151
-2.65    -2.5    195    210    1.5934    0.0151    0.0151
-2.65    -2.5    210    225    1.6351    0.0151    0.015
-2.65    -2.5    225    240    1.6755    0.0151    0.015
-2.65    -2.5    240    255    1.7144    0.0151    0.0151
-2.65    -2.5    255    270    1.7518    0.0151    0.015
-2.65    -2.5    270    285    1.7875    0.0151    0.0151
-2.65    -2.5    285    300    1.8216    0.0151    0.015
-2.65    -2.5    300    315    1.854    0.0151    0.015
-2.65    -2.5    315    330    1.8847    0.0151    0.0151
-2.65    -2.5    330    345    1.9138    0.015    0.0151
-2.65    -2.5    345    360    1.9414    0.0151    0.0151
-2.65    -2.5    360    375    1.9675    0.0151    0.0151
-2.65    -2.5    375    390    1.9921    0.015    0.0151
-2.65    -2.5    390    405    2.0154    0.0151    0.0151
-2.65    -2.5    405    420    2.0374    0.0151    0.015
-2.65    -2.5    420    435    2.0581    0.0151    0.0151
-2.65    -2.5    435    450    2.0777    0.0151    0.015
-2.65    -2.5    450    465    2.0961    0.0151    0.0151
-2.65    -2.5    465    480    2.1135    0.0151    0.0151
-2.65    -2.5    480    495    2.13    0.0151    0.0151
-2.65    -2.5    495    7000    2.1455    0.0151    0.0151
-2.5    -2.322    0    15    1.1755    0.0366    0.0417
-2.5    -2.322    15    20    1.1758    0.0367    0.0417
-2.5    -2.322    20    25    1.1762    0.0368    0.0417
-2.5    -2.322    25    30    1.1766    0.0368    0.0417
-2.5    -2.322    30    35    1.1772    0.037    0.0417
-2.5    -2.322    35    40    1.1778    0.0371    0.0417
-2.5    -2.322    40    45    1.1785    0.0372    0.0417
-2.5    -2.322    45    50    1.1793    0.0373    0.0418
-2.5    -2.322    50    55    1.1802    0.0375    0.0418
-2.5    -2.322    55    60    1.1812    0.0378    0.0417
-2.5    -2.322    60    65    1.1823    0.038    0.0417
-2.5    -2.322    65    70    1.1834    0.0382    0.0417
-2.5    -2.322    70    75    1.1846    0.0385    0.0418
-2.5    -2.322    75    80    1.1859    0.0387    0.0417
-2.5    -2.322    80    85    1.1873    0.0391    0.0417
-2.5    -2.322    85    90    1.1887    0.0393    0.0417
-2.5    -2.322    90    95    1.1902    0.0397    0.0417
-2.5    -2.322    95    100    1.1917    0.0399    0.0417
-2.5    -2.322    100    105    1.1933    0.0403    0.0417
-2.5    -2.322    105    120    1.1967    0.041    0.0417
-2.5    -2.322    120    135    1.2021    0.0417    0.0417
-2.5    -2.322    135    150    1.2078    0.0417    0.0417
-2.5    -2.322    150    165    1.2137    0.0417    0.0417
-2.5    -2.322    165    180    1.2198    0.0417    0.0417
-2.5    -2.322    180    195    1.226    0.0417    0.0417
-2.5    -2.322    195    210    1.2323    0.0417    0.0417
-2.5    -2.322    210    225    1.2385    0.0417    0.0417
-2.5    -2.322    225    240    1.2446    0.0417    0.0418
-2.5    -2.322    240    255    1.2507    0.0417    0.0417
-2.5    -2.322    255    270    1.2566    0.0417    0.0417
-2.5    -2.322    270    285    1.2623    0.0417    0.0417
-2.5    -2.322    285    300    1.2679    0.0417    0.0417
-2.5    -2.322    300    315    1.2732    0.0417    0.0417
-2.5    -2.322    315    330    1.2784    0.0417    0.0417
-2.5    -2.322    330    345    1.2833    0.0417    0.0417
-2.5    -2.322    345    360    1.288    0.0417    0.0417
-2.5    -2.322    360    375    1.2925    0.0417    0.0417
-2.5    -2.322    375    390    1.2968    0.0417    0.0417
-2.5    -2.322    390    405    1.3009    0.0417    0.0417
-2.5    -2.322    405    420    1.3048    0.0417    0.0417
-2.5    -2.322    420    435    1.3085    0.0417    0.0417
-2.5    -2.322    435    450    1.3121    0.0417    0.0417
-2.5    -2.322    450    465    1.3154    0.0417    0.0417
-2.5    -2.322    465    480    1.3186    0.0417    0.0417
-2.5    -2.322    480    495    1.3216    0.0417    0.0417
-2.5    -2.322    495    7000    1.3245    0.0417    0.0417
-2.322    -2.043    0    7000    1.1827    0.0048    0.0048
-2.043    -1.93    0    7000    1.1388    0.0064    0.0064
-1.93    -1.74    0    7000    1.1175    0.0051    0.0051
-1.74    -1.305    0    7000    1.1432    0.0042    0.0042
-1.305    -1.131    0    7000    1.1491    0.0054    0.0052
-1.131    -0.783    0    7000    1.134    0.0034    0.0034
-0.783    -0.522    0    7000    1.1808    0.003    0.003
-0.522    0    0    7000    1.1639    0.0022    0.002
0    0.522    0    7000    1.1639    0.0022    0.002
0.522    0.783    0    7000    1.1808    0.003    0.003
0.783    1.131    0    7000    1.134    0.0034    0.0034
1.131    1.305    0    7000    1.1491    0.0054    0.0052
1.305    1.74    0    7000    1.1432    0.0042    0.0042
1.74    1.93    0    7000    1.1175    0.0051    0.0051
1.93    2.043    0    7000    1.1388    0.0064    0.0064
2.043    2.322    0    7000    1.1827    0.0048    0.0048
2.322    2.5    0    20    1.1757    0.0367    0.0417
2.322    2.5    20    30    1.1764    0.0368    0.0417
2.322    2.5    30    40    1.1775    0.037    0.0417
2.322    2.5    40    50    1.179    0.0373    0.0417
2.322    2.5    50    60    1.1808    0.0377    0.0417
2.322    2.5    60    70    1.183    0.0382    0.0417
2.322    2.5    70    80    1.1854    0.0386    0.0417
2.322    2.5    80    90    1.1881    0.0392    0.0417
2.322    2.5    90    100    1.1911    0.0398    0.0417
2.322    2.5    100    110    1.1943    0.0405    0.0417
2.322    2.5    110    135    1.2002    0.0417    0.0417
2.322    2.5    135    160    1.2097    0.0417    0.0417
2.322    2.5    160    185    1.2198    0.0417    0.0417
2.322    2.5    185    210    1.2302    0.0417    0.0417
2.322    2.5    210    235    1.2406    0.0417    0.0417
2.322    2.5    235    260    1.2507    0.0417    0.0417
2.322    2.5    260    285    1.2604    0.0417    0.0417
2.322    2.5    285    310    1.2697    0.0417    0.0417
2.322    2.5    310    335    1.2784    0.0417    0.0417
2.322    2.5    335    360    1.2865    0.0417    0.0417
2.322    2.5    360    385    1.294    0.0417    0.0417
2.322    2.5    385    410    1.3009    0.0417    0.0417
2.322    2.5    410    435    1.3073    0.0417    0.0417
2.322    2.5    435    460    1.3132    0.0417    0.0417
2.322    2.5    460    485    1.3186    0.0417    0.0417
2.322    2.5    485    7000    1.3235    0.0417    0.0417
2.5    2.65    0    20    1.1596    0.012    0.0151
2.5    2.65    20    30    1.1663    0.0125    0.0151
2.5    2.65    30    40    1.1762    0.0133    0.0151
2.5    2.65    40    50    1.1891    0.0143    0.0151
2.5    2.65    50    60    1.2048    0.0151    0.0151
2.5    2.65    60    70    1.223    0.0151    0.0151
2.5    2.65    70    80    1.2436    0.0151    0.0151
2.5    2.65    80    90    1.2661    0.0151    0.0151
2.5    2.65    90    100    1.2904    0.0151    0.0151
2.5    2.65    100    110    1.3161    0.0151    0.0151
2.5    2.65    110    135    1.3624    0.0151    0.0151
2.5    2.65    135    160    1.434    0.0151    0.0151
2.5    2.65    160    185    1.5071    0.0151    0.0151
2.5    2.65    185    210    1.5792    0.015    0.0151
2.5    2.65    210    235    1.6487    0.0151    0.0151
2.5    2.65    235    260    1.7144    0.0151    0.0151
2.5    2.65    260    285    1.7758    0.0151    0.015
2.5    2.65    285    310    1.8325    0.0151    0.0151
2.5    2.65    310    335    1.8847    0.0151    0.0151
2.5    2.65    335    360    1.9324    0.0151    0.0151
2.5    2.65    360    385    1.9759    0.0151    0.015
2.5    2.65    385    410    2.0154    0.0151    0.0151
2.5    2.65    410    435    2.0513    0.0151    0.0151
2.5    2.65    435    460    2.0839    0.0151    0.0151
2.5    2.65    460    485    2.1135    0.0151    0.0151
2.5    2.65    485    7000    2.1404    0.0151    0.0151
2.65    2.853    0    20    1.0279    0.0024    0.0172
2.65    2.853    20    30    1.066    0.0058    0.0172
2.65    2.853    30    40    1.119    0.0103    0.0173
2.65    2.853    40    50    1.1834    0.0159    0.0173
2.65    2.853    50    60    1.2555    0.0174    0.0173
2.65    2.853    60    70    1.3321    0.0174    0.0172
2.65    2.853    70    80    1.4105    0.0174    0.0172
2.65    2.853    80    90    1.4888    0.0174    0.0172
2.65    2.853    90    100    1.5654    0.0173    0.0173
2.65    2.853    100    110    1.6394    0.0174    0.0172
2.65    2.853    110    135    1.7572    0.0174    0.0173
2.65    2.853    135    160    1.9097    0.0173    0.0173
2.65    2.853    160    185    2.0376    0.0174    0.0173
2.65    2.853    185    210    2.1433    0.0174    0.0172
2.65    2.853    210    235    2.2301    0.0173    0.0173
2.65    2.853    235    260    2.3015    0.0173    0.0173
2.65    2.853    260    285    2.3604    0.0173    0.0173
2.65    2.853    285    310    2.4092    0.0173    0.0173
2.65    2.853    310    335    2.45    0.0174    0.0172
2.65    2.853    335    360    2.4841    0.0173    0.0173
2.65    2.853    360    385    2.513    0.0174    0.0172
2.65    2.853    385    410    2.5376    0.0174    0.0172
2.65    2.853    410    435    2.5586    0.0174    0.0172
2.65    2.853    435    460    2.5767    0.0174    0.0172
2.65    2.853    460    485    2.5923    0.0173    0.0173
2.65    2.853    485    7000    2.606    0.0174    0.0172
2.853    2.964    0    20    1.0819    0.0168    0.0408
2.853    2.964    20    30    1.116    0.0237    0.0408
2.853    2.964    30    40    1.164    0.0335    0.0408
2.853    2.964    40    50    1.2225    0.0408    0.0408
2.853    2.964    50    60    1.2885    0.0409    0.0408
2.853    2.964    60    70    1.359    0.0409    0.0408
2.853    2.964    70    80    1.4316    0.0408    0.0408
2.853    2.964    80    90    1.5045    0.0409    0.0408
2.853    2.964    90    100    1.5761    0.0409    0.0408
2.853    2.964    100    110    1.6454    0.0408    0.0408
2.853    2.964    110    135    1.7563    0.0409    0.0408
2.853    2.964    135    160    1.9004    0.0408    0.0408
2.853    2.964    160    185    2.0217    0.0409    0.0408
2.853    2.964    185    210    2.1222    0.0409    0.0408
2.853    2.964    210    235    2.2049    0.0409    0.0408
2.853    2.964    235    260    2.273    0.0409    0.0408
2.853    2.964    260    285    2.3292    0.0409    0.0408
2.853    2.964    285    310    2.3759    0.0409    0.0407
2.853    2.964    310    335    2.4148    0.0409    0.0408
2.853    2.964    335    360    2.4474    0.0408    0.0408
2.853    2.964    360    385    2.4751    0.0409    0.0408
2.853    2.964    385    410    2.4986    0.0409    0.0407
2.853    2.964    410    435    2.5187    0.0409    0.0408
2.853    2.964    435    460    2.536    0.0409    0.0408
2.853    2.964    460    485    2.551    0.0409    0.0408
2.853    2.964    485    7000    2.5641    0.0409    0.0408
2.964    3.139    0    7000    1.2063    0.0265    0.0264
3.139    5.191    0    7000    1.076    0.0108    0.0213