0.0    0.9     26.0     30.0            0.9746813      0.0006959      0.0006959
0.0    0.9     30.0     40.0            0.9800040      0.0002141      0.0002141
0.0    0.9     40.0     50.0            0.9803812      0.0001587      0.0001587
0.0    0.9     50.0     60.0            0.9796692      0.0003636      0.0003636
0.0    0.9     60.0     120.0           0.9781705      0.0005695      0.0005695
0.0    0.9     120.0    200.0           0.9743336      0.0067974      0.0067974
0.0    0.9     200.0    300.0           0.9792501      0.0058096      0.0058096
0.0    0.9     300.0    1200.0          0.9527771      0.0114602      0.0114602
0.9    1.2     26.0     30.0            0.9636303      0.0017778      0.0017778
0.9    1.2     30.0     40.0            0.9721686      0.0004397      0.0004397
0.9    1.2     40.0     50.0            0.9742440      0.0002792      0.0002792
0.9    1.2     50.0     60.0            0.9729687      0.0005962      0.0005962
0.9    1.2     60.0     120.0           0.9700462      0.0009364      0.0009364
0.9    1.2     120.0    200.0           0.9688260      0.0038393      0.0038393
0.9    1.2     200.0    300.0           0.9409087      0.0106040      0.0106040
0.9    1.2     300.0    1200.0          0.9419928      0.0211367      0.0211367
1.2    2.1     26.0     30.0            1.0100305      0.0013069      0.0013069
1.2    2.1     30.0     40.0            1.0096651      0.0004175      0.0004175
1.2    2.1     40.0     50.0            1.0070688      0.0002725      0.0002725
1.2    2.1     50.0     60.0            1.0048087      0.0006115      0.0006115
1.2    2.1     60.0     120.0           1.0024733      0.0010572      0.0010572
1.2    2.1     120.0    200.0           0.9999530      0.0038910      0.0038910
1.2    2.1     200.0    300.0           0.9890686      0.0088310      0.0088310
1.2    2.1     300.0    1200.0          0.9909230      0.0216380      0.0216380
2.1    2.4     26.0     30.0            0.9816493      0.0031311      0.0031311
2.1    2.4     30.0     40.0            0.9986651      0.0010895      0.0010895
2.1    2.4     40.0     50.0            1.0073849      0.0008383      0.0008383
2.1    2.4     50.0     60.0            1.0054636      0.0018776      0.0018776
2.1    2.4     60.0     120.0           1.0169660      0.0034418      0.0034418
2.1    2.4     120.0    200.0           0.9985870      0.0244154      0.0244154
2.1    2.4     200.0    300.0           1.0033180      0.0381982      0.0381982
2.1    2.4     300.0    1200.0          0.9740240      0.1037115      0.1037115