0      0.9    20      25    0.986306653089742    0.00271733927477605     0.00271733927477605
0      0.9    25      30    0.982977249977263    0.02126195985594090     0.02126195985594090
0      0.9    30      40    0.984360678540853    0.00037495969150116     0.00037495969150116
0      0.9    40      50    0.985869137496815    0.00029417414443988     0.00029417414443988
0      0.9    50      60    0.981888512770334    0.00084899942479729     0.00084899942479729
0      0.9    60      120   0.992164726917521    0.00185303964391865     0.00185303964391865
0      0.9    120     500   1.000000000000000    0.00185303964391865     0.00185303964391865
0.9    1.2    20      25    0.972333235623212    0.00883461543956110     0.00883461543956110
0.9    1.2    25      30    0.970634917466323    0.00122430943266545     0.00122430943266545
0.9    1.2    30      40    0.973525641937562    0.00143984052694699     0.00143984052694699
0.9    1.2    40      50    0.974801221638886    0.00048437632616192     0.00048437632616192
0.9    1.2    50      60    0.974518648909227    0.00139698415102824     0.00139698415102824
0.9    1.2    60      120   0.974846870641440    0.00287704554120191     0.00287704554120191
0.9    1.2    120     500   1.000000000000000    0.00287704554120191     0.00287704554120191
1.2    2.1    20      25    0.986276034759411    0.00175876411986260     0.00175876411986260
1.2    2.1    25      30    0.986120253427291    0.00141157015810195     0.00141157015810195
1.2    2.1    30      40    0.987848246052292    0.00936422820766818     0.00936422820766818
1.2    2.1    40      50    0.990505862843820    0.00027393226172609     0.00027393226172609
1.2    2.1    50      60    0.985436613699776    0.00095702436093945     0.00095702436093945
1.2    2.1    60      120   0.988778608439554    0.00217968750051207     0.00217968750051207
1.2    2.1    120     500   1.000000000000000    0.00217968750051207     0.00217968750051207
2.1    2.4    20      25    0.975256393300166    0.00307196574734923     0.00307196574734923
2.1    2.4    25      30    0.973900694498803    0.02491278369006130     0.02491278369006130
2.1    2.4    30      40    0.969454487400806    0.00144207594136065     0.00144207594136065
2.1    2.4    40      50    0.972556554002575    0.00477239040143953     0.00477239040143953
2.1    2.4    50      60    0.967713723926805    0.00280195359861863     0.00280195359861863
2.1    2.4    60      120   0.963148087165178    0.00575327065001100     0.00575327065001100
2.1    2.4    120     500   1.000000000000000    0.00575327065001100     0.00575327065001100
