0      0.9    26      30    0.980304824520264	 0.001007460368541850    0.001007460368541850
0      0.9    30      40    0.984040883367134	 0.000327799690814388    0.000327799690814388
0      0.9    40      50    0.984843054267384	 0.000254050361921673    0.000254050361921673
0      0.9    50      60    0.985067244356651	 0.000553971458112346    0.000553971458112346
0      0.9    60      120   0.983822980513156	 0.000916757525214631    0.000916757525214631
0      0.9    120     200   0.975988161688129	 0.005003694457402690    0.005003694457402690
0      0.9    200     500   0.983199815178541	 0.009149466059797850    0.009149466059797850
0.9    1.2    26      30    0.956285402745463	 0.002240375092370570    0.002240375092370570
0.9    1.2    30      40    0.965912354977204	 0.000572789188846037    0.000572789188846037
0.9    1.2    40      50    0.967804885026492	 0.000378521306446379    0.000378521306446379
0.9    1.2    50      60    0.968117772070364	 0.000783241116616283    0.000783241116616283
0.9    1.2    60      120   0.964850111025092	 0.001401171270891990    0.001401171270891990
0.9    1.2    120     200   0.946662677872979	 0.005762995122572040    0.005762995122572040 
0.9    1.2    200     500   0.949387420703305	 0.017565973164295800    0.017565973164295800
1.2    2.1    26      30    0.982492289278135	 0.001847038406206050    0.001847038406206050
1.2    2.1    30      40    0.995471969522990	 0.000618424718755362    0.000618424718755362
1.2    2.1    40      50    0.999176451791477	 0.000428436578121183    0.000428436578121183
1.2    2.1    50      60    0.999094444393877	 0.000896169486902379    0.000896169486902379
1.2    2.1    60      120   0.998903127560143	 0.001431669296063760    0.001431669296063760
1.2    2.1    120     200   1.005524454776820	 0.007957015740983020    0.007957015740983020
1.2    2.1    200     500   0.982679822788596	 0.025316976182320700    0.025316976182320700
2.1    2.4    26      30    0.906154926011426	 0.003864407679065760	 0.003864407679065760
2.1    2.4    30      40    0.944523052745686	 0.001386159824645900	 0.001386159824645900
2.1    2.4    40      50    0.957489057245169	 0.001103120890237950	 0.001103120890237950
2.1    2.4    50      60    0.960344366032523	 0.002345593424738020	 0.002345593424738020
2.1    2.4    60      120   0.952327421511768	 0.003780950391679440	 0.003780950391679440
2.1    2.4    120     200   0.976960911767297	 0.031466573494894500	 0.031466573494894500
2.1    2.4    200     500   0.917961612995573	 0.180243925124439000	 0.180243925124439000
