-5.4   -5   9   11   0.1220   0.   0.
-5.4   -5   11   13.5   0.1186   0.   0.
-5.4   -5   13.5   16.5   0.1160   0.   0.
-5.4   -5   16.5   19.5   0.1144   0.   0.
-5.4   -5   19.5   22.5   0.1134   0.   0.
-5.4   -5   22.5   26   0.1129   0.   0.
-5.4   -5   26   30   0.1125   0.   0.
-5.4   -5   30   34.5   0.1123   0.   0.
-5.4   -5   34.5   40   0.1120   0.   0.
-5.4   -5   40   46   0.1117   0.   0.
-5.4   -5   46   52.5   0.1116   0.   0.
-5.4   -5   52.5   60   0.1113   0.   0.
-5.4   -5   60   69   0.1111   0.   0.
-5.4   -5   69   79   0.1180   0.   0.
-5.4   -5   79   90.5   0.1024   0.   0.
-5.4   -5   90.5   105.5   0.0820   0.   0.
-5.4   -5   105.5   123.5   0.0575   0.   0.
-5.4   -5   123.5   143   0.0322   0.   0.
-5.4   -5   143   163.5   0.0224   0.   0.
-5.4   -5   163.5   185   0.0433   0.   0.
-5.4   -5   185   208   0.0732   0.   0.
-5.4   -5   208   232.5   0.1066   0.   0.
-5.4   -5   232.5   258.5   0.1432   0.   0.
-5.4   -5   258.5   286   0.1830   0.   0.
-5.4   -5   286   331   0.1749   0.   0.
-5.4   -5   331   396   0.1679   0.   0.
-5.4   -5   396   468.5   0.1680   0.   0.
-5.4   -5   468.5   549.5   0.1681   0.   0.
-5.4   -5   549.5   639   0.1682   0.   0.
-5.4   -5   639   738   0.1683   0.   0.
-5.4   -5   738   847.5   0.1684   0.   0.
-5.4   -5   847.5   968.5   0.1686   0.   0.
-5.4   -5   968.5   1102   0.1687   0.   0.
-5.4   -5   1102   1249.5   0.1688   0.   0.
-5.4   -5   1249.5   1412   0.1689   0.   0.
-5.4   -5   1412   1590.5  0.1691   0.   0.
-5.4   -5   1590.5   1787   0.1692   0.   0.
-5.4   -5   1787   2003   0.1693   0.   0.
-5.4   -5   2003   2241   0.1694   0.   0.
-5.4   -5   2241   2503   0.1696   0.   0.
-5.4   -5   2503   2790.5   0.1697   0.   0.
-5.4   -5   2790.5   3107   0.1698   0.   0.
-5.4   -5   3107   3455   0.1699   0.   0.
-5.4   -5   3455   3837   0.0972   0.   0.
-5.4   -5   3837   4257   0.0621   0.   0.
-5.4   -5   4257   4719   0.0410   0.   0.
-5.4   -5   4719   5226.5   0.0420   0.   0.
-5.4   -5   5226.5   5784   0.0434   0.   0.
-5.4   -5   5784   6538   0.0450   0.   0.
-5   -4.4   9   11   0.1221   0.   0.
-5   -4.4   11   13.5   0.1187   0.   0.
-5   -4.4   13.5   16.5   0.1162   0.   0.
-5   -4.4   16.5   19.5   0.1144   0.   0.
-5   -4.4   19.5   22.5   0.1135   0.   0.
-5   -4.4   22.5   26   0.1129   0.   0.
-5   -4.4   26   30   0.1125   0.   0.
-5   -4.4   30   34.5   0.1124   0.   0.
-5   -4.4   34.5   40   0.1120   0.   0.
-5   -4.4   40   46   0.1117   0.   0.
-5   -4.4   46   52.5   0.1115   0.   0.
-5   -4.4   52.5   60   0.1114   0.   0.
-5   -4.4   60   69   0.1111   0.   0.
-5   -4.4   69   79   0.1181   0.   0.
-5   -4.4   79   90.5   0.1025   0.   0.
-5   -4.4   90.5   105.5   0.0821   0.   0.
-5   -4.4   105.5   123.5   0.0576   0.   0.
-5   -4.4   123.5   143   0.0324   0.   0.
-5   -4.4   143   163.5   0.0226   0.   0.
-5   -4.4   163.5   185   0.0434   0.   0.
-5   -4.4   185   208   0.0732   0.   0.
-5   -4.4   208   232.5   0.1067   0.   0.
-5   -4.4   232.5   258.5   0.1432   0.   0.
-5   -4.4   258.5   286   0.1831   0.   0.
-5   -4.4   286   331   0.1752   0.   0.
-5   -4.4   331   396   0.1684   0.   0.
-5   -4.4   396   468.5   0.1685   0.   0.
-5   -4.4   468.5   549.5   0.1686   0.   0.
-5   -4.4   549.5   639   0.1688   0.   0.
-5   -4.4   639   738   0.1689   0.   0.
-5   -4.4   738   847.5   0.1690   0.   0.
-5   -4.4   847.5   968.5   0.1691   0.   0.
-5   -4.4   968.5   1102   0.1693   0.   0.
-5   -4.4   1102   1249.5   0.1694   0.   0.
-5   -4.4   1249.5   1412   0.1695   0.   0.
-5   -4.4   1412   1590.5   0.1696   0.   0.
-5   -4.4   1590.5   1787   0.1698   0.   0.
-5   -4.4   1787   2003   0.1699   0.   0.
-5   -4.4   2003   2241   0.1700   0.   0.
-5   -4.4   2241   2503   0.1701   0.   0.
-5   -4.4   2503   2790.5   0.1703   0.   0.
-5   -4.4   2790.5   3107   0.1704   0.   0.
-5   -4.4   3107   3455   0.1705   0.   0.
-5   -4.4   3455   3837   0.0982   0.   0.
-5   -4.4   3837   4257   0.0636   0.   0.
-5   -4.4   4257   4719   0.0433   0.   0.
-5   -4.4   4719   5226.5   0.0394   0.   0.
-5   -4.4   5226.5   5784   0.0406   0.   0.
-5   -4.4   5784   6538   0.0423   0.   0.
-4.4   -4   9   11   0.1316   0.   0.
-4.4   -4   11   13.5   0.1257   0.   0.
-4.4   -4   13.5   16.5   0.1210   0.   0.
-4.4   -4   16.5   19.5   0.1177   0.   0.
-4.4   -4   19.5   22.5   0.1157   0.   0.
-4.4   -4   22.5   26   0.1144   0.   0.
-4.4   -4   26   30   0.1135   0.   0.
-4.4   -4   30   34.5   0.1130   0.   0.
-4.4   -4   34.5   40   0.1125   0.   0.
-4.4   -4   40   46   0.1120   0.   0.
-4.4   -4   46   52.5   0.1117   0.   0.
-4.4   -4   52.5   60   0.1115   0.   0.
-4.4   -4   60   69   0.1112   0.   0.
-4.4   -4   69   79   0.1181   0.   0.
-4.4   -4   79   90.5   0.1025   0.   0.
-4.4   -4   90.5   105.5   0.0822   0.   0.
-4.4   -4   105.5   123.5   0.0576   0.   0.
-4.4   -4   123.5   143   0.0323   0.   0.
-4.4   -4   143   163.5   0.0222   0.   0.
-4.4   -4   163.5   185   0.0431   0.   0.
-4.4   -4   185   208   0.0729   0.   0.
-4.4   -4   208   232.5   0.1064   0.   0.
-4.4   -4   232.5   258.5   0.1430   0.   0.
-4.4   -4   258.5   286   0.1828   0.   0.
-4.4   -4   286   331   0.1751   0.   0.
-4.4   -4   331   396   0.1685   0.   0.
-4.4   -4   396   468.5   0.1685   0.   0.
-4.4   -4   468.5   549.5   0.1685   0.   0.
-4.4   -4   549.5   639   0.1685   0.   0.
-4.4   -4   639   738   0.1685   0.   0.
-4.4   -4   738   847.5   0.1685   0.   0.
-4.4   -4   847.5   968.5   0.1685   0.   0.
-4.4   -4   968.5   1102   0.1685   0.   0.
-4.4   -4   1102   1249.5   0.1685   0.   0.
-4.4   -4   1249.5   1412   0.1685   0.   0.
-4.4   -4   1412   1590.5   0.1685   0.   0.
-4.4   -4   1590.5   1787   0.1685   0.   0.
-4.4   -4   1787   2003   0.1685   0.   0.
-4.4   -4   2003   2241   0.1685   0.   0.
-4.4   -4   2241   2503   0.1685   0.   0.
-4.4   -4   2503   2790.5   0.1685   0.   0.
-4.4   -4   2790.5   3107   0.1685   0.   0.
-4.4   -4   3107   3455   0.1686   0.   0.
-4.4   -4   3455   3837   0.0947   0.   0.
-4.4   -4   3837   4257   0.0577   0.   0.
-4.4   -4   4257   4719   0.0220   0.   0.
-4.4   -4   4719   5226.5   0.0231   0.   0.
-4.4   -4   5226.5   5784   0.0248   0.   0.
-4.4   -4   5784   6538   0.0268   0.   0.
-4   -3.5   9   11   0.1146   0.   0.
-4   -3.5   11   13.5   0.1049   0.   0.
-4   -3.5   13.5   16.5   0.0969   0.   0.
-4   -3.5   16.5   19.5   0.0908   0.   0.
-4   -3.5   19.5   22.5   0.0870   0.   0.
-4   -3.5   22.5   26   0.0845   0.   0.
-4   -3.5   26   30   0.0826   0.   0.
-4   -3.5   30   34.5   0.0815   0.   0.
-4   -3.5   34.5   40   0.0805   0.   0.
-4   -3.5   40   46   0.0797   0.   0.
-4   -3.5   46   52.5   0.0792   0.   0.
-4   -3.5   52.5   60   0.0788   0.   0.
-4   -3.5   60   69   0.0793   0.   0.
-4   -3.5   69   79   0.0744   0.   0.
-4   -3.5   79   90.5   0.0640   0.   0.
-4   -3.5   90.5   105.5   0.0532   0.   0.
-4   -3.5   105.5   123.5   0.0408   0.   0.
-4   -3.5   123.5   143   0.0279   0.   0.
-4   -3.5   143   163.5   0.0169   0.   0.
-4   -3.5   163.5   185   0.0120   0.   0.
-4   -3.5   185   208   0.0177   0.   0.
-4   -3.5   208   232.5   0.0276   0.   0.
-4   -3.5   232.5   258.5   0.0385   0.   0.
-4   -3.5   258.5   286   0.0497   0.   0.
-4   -3.5   286   331   0.0609   0.   0.
-4   -3.5   331   396   0.0779   0.   0.
-4   -3.5   396   468.5   0.0843   0.   0.
-4   -3.5   468.5   549.5   0.0843   0.   0.
-4   -3.5   549.5   639   0.0844   0.   0.
-4   -3.5   639   738   0.0844   0.   0.
-4   -3.5   738   847.5   0.0844   0.   0.
-4   -3.5   847.5   968.5   0.0844   0.   0.
-4   -3.5   968.5   1102   0.0845   0.   0.
-4   -3.5   1102   1249.5   0.0845   0.   0.
-4   -3.5   1249.5   1412   0.0846   0.   0.
-4   -3.5   1412   1590.5   0.0846   0.   0.
-4   -3.5   1590.5   1787   0.0847   0.   0.
-4   -3.5   1787   2003   0.0847   0.   0.
-4   -3.5   2003   2241   0.0848   0.   0.
-4   -3.5   2241   2503   0.0848   0.   0.
-4   -3.5   2503   2790.5   0.0849   0.   0.
-4   -3.5   2790.5   3107   0.0849   0.   0.
-4   -3.5   3107   3455   0.0849   0.   0.
-4   -3.5   3455   3837   0.0850   0.   0.
-4   -3.5   3837   4257   0.0361   0.   0.
-4   -3.5   4257   4719   0.0149   0.   0.
-4   -3.5   4719   5226.5   0.0167   0.   0.
-4   -3.5   5226.5   5784   0.0191   0.   0.
-4   -3.5   5784   6538   0.0218   0.   0.
-3.5   -3   9   11   0.1037   0.   0.
-3.5   -3   11   13.5   0.0929   0.   0.
-3.5   -3   13.5   16.5   0.0835   0.   0.
-3.5   -3   16.5   19.5   0.0760   0.   0.
-3.5   -3   19.5   22.5   0.0711   0.   0.
-3.5   -3   22.5   26   0.0678   0.   0.
-3.5   -3   26   30   0.0652   0.   0.
-3.5   -3   30   34.5   0.0638   0.   0.
-3.5   -3   34.5   40   0.0623   0.   0.
-3.5   -3   40   46   0.0612   0.   0.
-3.5   -3   46   52.5   0.0604   0.   0.
-3.5   -3   52.5   60   0.0599   0.   0.
-3.5   -3   60   69   0.0591   0.   0.
-3.5   -3   69   79   0.0523   0.   0.
-3.5   -3   79   90.5   0.0456   0.   0.
-3.5   -3   90.5   105.5   0.0388   0.   0.
-3.5   -3   105.5   123.5   0.0312   0.   0.
-3.5   -3   123.5   143   0.0235   0.   0.
-3.5   -3   143   163.5   0.0166   0.   0.
-3.5   -3   163.5   185   0.0115   0.   0.
-3.5   -3   185   208   0.0099   0.   0.
-3.5   -3   208   232.5   0.0125   0.   0.
-3.5   -3   232.5   258.5   0.0174   0.   0.
-3.5   -3   258.5   286   0.0229   0.   0.
-3.5   -3   286   331   0.0286   0.   0.
-3.5   -3   331   396   0.0373   0.   0.
-3.5   -3   396   468.5   0.0485   0.   0.
-3.5   -3   468.5   549.5   0.0595   0.   0.
-3.5   -3   549.5   639   0.0704   0.   0.
-3.5   -3   639   738   0.0710   0.   0.
-3.5   -3   738   847.5   0.0711   0.   0.
-3.5   -3   847.5   968.5   0.0712   0.   0.
-3.5   -3   968.5   1102   0.0713   0.   0.
-3.5   -3   1102   1249.5   0.0713   0.   0.
-3.5   -3   1249.5   1412   0.0714   0.   0.
-3.5   -3   1412   1590.5   0.0715   0.   0.
-3.5   -3   1590.5   1787   0.0716   0.   0.
-3.5   -3   1787   2003   0.0717   0.   0.
-3.5   -3   2003   2241   0.0718   0.   0.
-3.5   -3   2241   2503   0.0719   0.   0.
-3.5   -3   2503   2790.5   0.0720   0.   0.
-3.5   -3   2790.5   3107   0.0721   0.   0.
-3.5   -3   3107   3455   0.0722   0.   0.
-3.5   -3   3455   3837   0.0429   0.   0.
-3.5   -3   3837   4257   0.0158   0.   0.
-3.5   -3   4257   4719   0.0168   0.   0.
-3.5   -3   4719   5226.5   0.0187   0.   0.
-3.5   -3   5226.5   5784   0.0212   0.   0.
-3.5   -3   5784   6538   0.0238   0.   0.
-3   -2.8   9   11   0.1394   0.   0.
-3   -2.8   11   13.5   0.1181   0.   0.
-3   -2.8   13.5   16.5   0.0990   0.   0.
-3   -2.8   16.5   19.5   0.0847   0.   0.
-3   -2.8   19.5   22.5   0.0736   0.   0.
-3   -2.8   22.5   26   0.0664   0.   0.
-3   -2.8   26   30   0.0608   0.   0.
-3   -2.8   30   34.5   0.0574   0.   0.
-3   -2.8   34.5   40   0.0542   0.   0.
-3   -2.8   40   46   0.0526   0.   0.
-3   -2.8   46   52.5   0.0506   0.   0.
-3   -2.8   52.5   60   0.0499   0.   0.
-3   -2.8   60   69   0.0493   0.   0.
-3   -2.8   69   79   0.0453   0.   0.
-3   -2.8   79   90.5   0.0402   0.   0.
-3   -2.8   90.5   105.5   0.0354   0.   0.
-3   -2.8   105.5   123.5   0.0304   0.   0.
-3   -2.8   123.5   143   0.0261   0.   0.
-3   -2.8   143   163.5   0.0231   0.   0.
-3   -2.8   163.5   185   0.0219   0.   0.
-3   -2.8   185   208   0.0220   0.   0.
-3   -2.8   208   232.5   0.0235   0.   0.
-3   -2.8   232.5   258.5   0.0259   0.   0.
-3   -2.8   258.5   286   0.0287   0.   0.
-3   -2.8   286   331   0.0320   0.   0.
-3   -2.8   331   396   0.0373   0.   0.
-3   -2.8   396   468.5   0.0444   0.   0.
-3   -2.8   468.5   549.5   0.0507   0.   0.
-3   -2.8   549.5   639   0.0576   0.   0.
-3   -2.8   639   738   0.0634   0.   0.
-3   -2.8   738   847.5   0.0707   0.   0.
-3   -2.8   847.5   968.5   0.0801   0.   0.
-3   -2.8   968.5   1102   0.0802   0.   0.
-3   -2.8   1102   1249.5   0.0803   0.   0.
-3   -2.8   1249.5   1412   0.0804   0.   0.
-3   -2.8   1412   1590.5   0.0806   0.   0.
-3   -2.8   1590.5   1787   0.0807   0.   0.
-3   -2.8   1787   2003   0.0808   0.   0.
-3   -2.8   2003   2241   0.0810   0.   0.
-3   -2.8   2241   2503   0.0811   0.   0.
-3   -2.8   2503   2790.5   0.0813   0.   0.
-3   -2.8   2790.5   3107   0.0815   0.   0.
-3   -2.8   3107   3455   0.0817   0.   0.
-3   -2.8   3455   3837   0.0818   0.   0.
-3   -2.8   3837   4257   0.0609   0.   0.
-3   -2.8   4257   4719   0.0246   0.   0.
-3   -2.8   4719   5226.5   0.0243   0.   0.
-3   -2.8   5226.5   5784   0.0265   0.   0.
-3   -2.8   5784   6538   0.0289   0.   0.
-2.8   -2.6   9   11   0.1413   0.   0.
-2.8   -2.6   11   13.5   0.1190   0.   0.
-2.8   -2.6   13.5   16.5   0.0995   0.   0.
-2.8   -2.6   16.5   19.5   0.0836   0.   0.
-2.8   -2.6   19.5   22.5   0.0728   0.   0.
-2.8   -2.6   22.5   26   0.0653   0.   0.
-2.8   -2.6   26   30   0.0593   0.   0.
-2.8   -2.6   30   34.5   0.0554   0.   0.
-2.8   -2.6   34.5   40   0.0523   0.   0.
-2.8   -2.6   40   46   0.0498   0.   0.
-2.8   -2.6   46   52.5   0.0482   0.   0.
-2.8   -2.6   52.5   60   0.0471   0.   0.
-2.8   -2.6   60   69   0.0464   0.   0.
-2.8   -2.6   69   79   0.0431   0.   0.
-2.8   -2.6   79   90.5   0.0394  0.   0.
-2.8   -2.6   90.5   105.5   0.0358   0.   0.
-2.8   -2.6   105.5   123.5   0.0320   0.   0.
-2.8   -2.6   123.5   143   0.0283   0.   0.
-2.8   -2.6   143   163.5   0.0252   0.   0.
-2.8   -2.6   163.5   185   0.0227   0.   0.
-2.8   -2.6   185   208   0.0207   0.   0.
-2.8   -2.6   208   232.5   0.0193   0.   0.
-2.8   -2.6   232.5   258.5   0.0184   0.   0.
-2.8   -2.6   258.5   286   0.0181   0.   0.
-2.8   -2.6   286   331   0.0183   0.   0.
-2.8   -2.6   331   396   0.0194   0.   0.
-2.8   -2.6   396   468.5   0.0219   0.   0.
-2.8   -2.6   468.5   549.5   0.0251   0.   0.
-2.8   -2.6   549.5   639   0.0286   0.   0.
-2.8   -2.6   639   738   0.0323   0.   0.
-2.8   -2.6   738   847.5   0.0358   0.   0.
-2.8   -2.6   847.5   968.5   0.0396   0.   0.
-2.8   -2.6   968.5   1102   0.0395   0.   0.
-2.8   -2.6   1102   1249.5   0.0396   0.   0.
-2.8   -2.6   1249.5   1412   0.0398   0.   0.
-2.8   -2.6   1412   1590.5   0.0400   0.   0.
-2.8   -2.6   1590.5   1787   0.0402   0.   0.
-2.8   -2.6   1787   2003   0.0404   0.   0.
-2.8   -2.6   2003   2241   0.0407   0.   0.
-2.8   -2.6   2241   2503   0.0409   0.   0.
-2.8   -2.6   2503   2790.5   0.0411   0.   0.
-2.8   -2.6   2790.5   3107   0.0414   0.   0.
-2.8   -2.6   3107   3455   0.0416   0.   0.
-2.8   -2.6   3455   3837   0.0418   0.   0.
-2.8   -2.6   3837   4257   0.0421   0.   0.
-2.8   -2.6   4257   4719   0.0183   0.   0.
-2.8   -2.6   4719   5226.5   0.0202   0.   0.
-2.8   -2.6   5226.5   5784   0.0226   0.   0.
-2.8   -2.6   5784   6538   0.0252   0.   0.
-2.6   -2.4   9   11   0.0954   0.   0.
-2.6   -2.4   11   13.5   0.0831   0.   0.
-2.6   -2.4   13.5   16.5   0.0712   0.   0.
-2.6   -2.4   16.5   19.5   0.0603   0.   0.
-2.6   -2.4   19.5   22.5   0.0521   0.   0.
-2.6   -2.4   22.5   26   0.0459   0.   0.
-2.6   -2.4   26   30   0.0404   0.   0.
-2.6   -2.4   30   34.5   0.0368   0.   0.
-2.6   -2.4   34.5   40   0.0333   0.   0.
-2.6   -2.4   40   46   0.0302   0.   0.
-2.6   -2.4   46   52.5   0.0280   0.   0.
-2.6   -2.4   52.5   60   0.0264   0.   0.
-2.6   -2.4   60   69   0.0248   0.   0.
-2.6   -2.4   69   79   0.0224   0.   0.
-2.6   -2.4   79   90.5   0.0204   0.   0.
-2.6   -2.4   90.5   105.5   0.0185   0.   0.
-2.6   -2.4   105.5   123.5   0.0166   0.   0.
-2.6   -2.4   123.5   143   0.0148   0.   0.
-2.6   -2.4   143   163.5   0.0132   0.   0.
-2.6   -2.4   163.5   185   0.0119   0.   0.
-2.6   -2.4   185   208   0.0108   0.   0.
-2.6   -2.4   208   232.5   0.0099   0.   0.
-2.6   -2.4   232.5   258.5   0.0091   0.   0.
-2.6   -2.4   258.5   286   0.0086   0.   0.
-2.6   -2.4   286   331   0.0083   0.   0.
-2.6   -2.4   331   396   0.0083   0.   0.
-2.6   -2.4   396   468.5   0.0090   0.   0.
-2.6   -2.4   468.5   549.5   0.0102   0.   0.
-2.6   -2.4   549.5   639   0.0118   0.   0.
-2.6   -2.4   639   738   0.0136   0.   0.
-2.6   -2.4   738   847.5   0.0155   0.   0.
-2.6   -2.4   847.5   968.5   0.0174   0.   0.
-2.6   -2.4   968.5   1102   0.0193   0.   0.
-2.6   -2.4   1102   1249.5   0.0206   0.   0.
-2.6   -2.4   1249.5   1412   0.0211   0.   0.
-2.6   -2.4   1412   1590.5   0.0217   0.   0.
-2.6   -2.4   1590.5   1787   0.0223   0.   0.
-2.6   -2.4   1787   2003   0.0230   0.   0.
-2.6   -2.4   2003   2241   0.0237   0.   0.
-2.6   -2.4   2241   2503   0.0244   0.   0.
-2.6   -2.4   2503   2790.5   0.0252   0.   0.
-2.6   -2.4   2790.5   3107   0.0260   0.   0.
-2.6   -2.4   3107   3455   0.0268   0.   0.
-2.6   -2.4   3455   3837   0.0276   0.   0.
-2.6   -2.4   3837   4257   0.0286   0.   0.
-2.6   -2.4   4257   4719   0.0224   0.   0.
-2.6   -2.4   4719   5226.5   0.0246   0.   0.
-2.6   -2.4   5226.5   5784   0.0272   0.   0.
-2.6   -2.4   5784   6538   0.0300   0.   0.
-2.4   -2.2   9   11   0.0379   0.   0.
-2.4   -2.2   11   13.5   0.0410   0.   0.
-2.4   -2.2   13.5   16.5   0.0421   0.   0.
-2.4   -2.2   16.5   19.5   0.0412   0.   0.
-2.4   -2.2   19.5   22.5   0.0393   0.   0.
-2.4   -2.2   22.5   26   0.0370   0.   0.
-2.4   -2.2   26   30   0.0344   0.   0.
-2.4   -2.2   30   34.5   0.0326   0.   0.
-2.4   -2.2   34.5   40   0.0301   0.   0.
-2.4   -2.2   40   46   0.0275   0.   0.
-2.4   -2.2   46   52.5   0.0253   0.   0.
-2.4   -2.2   52.5   60   0.0236   0.   0.
-2.4   -2.2   60   69   0.0218   0.   0.
-2.4   -2.2   69   79   0.0199   0.   0.
-2.4   -2.2   79   90.5   0.0182   0.   0.
-2.4   -2.2   90.5   105.5   0.0168   0.   0.
-2.4   -2.2   105.5   123.5   0.0155   0.   0.
-2.4   -2.2   123.5   143   0.0143   0.   0.
-2.4   -2.2   143   163.5   0.0134   0.   0.
-2.4   -2.2   163.5   185   0.0126   0.   0.
-2.4   -2.2   185   208   0.0119   0.   0.
-2.4   -2.2   208   232.5   0.0113   0.   0.
-2.4   -2.2   232.5   258.5   0.0107   0.   0.
-2.4   -2.2   258.5   286   0.0101   0.   0.
-2.4   -2.2   286   331   0.0096   0.   0.
-2.4   -2.2   331   396   0.0090   0.   0.
-2.4   -2.2   396   468.5   0.0084   0.   0.
-2.4   -2.2   468.5   549.5   0.0081   0.   0.
-2.4   -2.2   549.5   639   0.0083   0.   0.
-2.4   -2.2   639   738   0.0089   0.   0.
-2.4   -2.2   738   847.5   0.0099   0.   0.
-2.4   -2.2   847.5   968.5   0.0111   0.   0.
-2.4   -2.2   968.5   1102   0.0125   0.   0.
-2.4   -2.2   1102   1249.5   0.0140   0.   0.
-2.4   -2.2   1249.5   1412   0.0151   0.   0.
-2.4   -2.2   1412   1590.5   0.0163   0.   0.
-2.4   -2.2   1590.5   1787   0.0175   0.   0.
-2.4   -2.2   1787   2003   0.0188   0.   0.
-2.4   -2.2   2003   2241   0.0202   0.   0.
-2.4   -2.2   2241   2503   0.0216   0.   0.
-2.4   -2.2   2503   2790.5   0.0230   0.   0.
-2.4   -2.2   2790.5   3107   0.0244   0.   0.
-2.4   -2.2   3107   3455   0.0260   0.   0.
-2.4   -2.2   3455   3837   0.0276   0.   0.
-2.4   -2.2   3837   4257   0.0293   0.   0.
-2.4   -2.2   4257   4719   0.0269   0.   0.
-2.4   -2.2   4719   5226.5   0.0295   0.   0.
-2.4   -2.2   5226.5   5784   0.0324   0.   0.
-2.4   -2.2   5784   6538   0.0355   0.   0.
-2.2   -2   9   11   0.0305   0.   0.
-2.2   -2   11   13.5   0.0335   0.   0.
-2.2   -2   13.5   16.5   0.0368   0.   0.
-2.2   -2   16.5   19.5   0.0383   0.   0.
-2.2   -2   19.5   22.5   0.0379   0.   0.
-2.2   -2   22.5   26   0.0366   0.   0.
-2.2   -2   26   30   0.0346   0.   0.
-2.2   -2   30   34.5   0.0332   0.   0.
-2.2   -2   34.5   40   0.0307   0.   0.
-2.2   -2   40   46   0.0280   0.   0.
-2.2   -2   46   52.5   0.0256   0.   0.
-2.2   -2   52.5   60   0.0235   0.   0.
-2.2   -2   60   69   0.0215   0.   0.
-2.2   -2   69   79   0.0193   0.   0.
-2.2   -2   79   90.5   0.0176   0.   0.
-2.2   -2   90.5   105.5   0.0161   0.   0.
-2.2   -2   105.5   123.5   0.0148   0.   0.
-2.2   -2   123.5   143   0.0139   0.   0.
-2.2   -2   143   163.5   0.0131   0.   0.
-2.2   -2   163.5   185   0.0126   0.   0.
-2.2   -2   185   208   0.0121   0.   0.
-2.2   -2   208   232.5   0.0117   0.   0.
-2.2   -2   232.5   258.5   0.0113   0.   0.
-2.2   -2   258.5   286   0.0110   0.   0.
-2.2   -2   286   331   0.0106   0.   0.
-2.2   -2   331   396   0.0101   0.   0.
-2.2   -2   396   468.5   0.0095   0.   0.
-2.2   -2   468.5   549.5   0.0092   0.   0.
-2.2   -2   549.5   639   0.0093   0.   0.
-2.2   -2   639   738   0.0096   0.   0.
-2.2   -2   738   847.5   0.0104   0.   0.
-2.2   -2   847.5   968.5   0.0114   0.   0.
-2.2   -2   968.5   1102   0.0127   0.   0.
-2.2   -2   1102   1249.5   0.0141   0.   0.
-2.2   -2   1249.5   1412   0.0157   0.   0.
-2.2   -2   1412   1590.5   0.0172   0.   0.
-2.2   -2   1590.5   1787   0.0186   0.   0.
-2.2   -2   1787   2003   0.0200   0.   0.
-2.2   -2   2003   2241   0.0215   0.   0.
-2.2   -2   2241   2503   0.0231   0.   0.
-2.2   -2   2503   2790.5   0.0247   0.   0.
-2.2   -2   2790.5   3107   0.0263   0.   0.
-2.2   -2   3107   3455   0.0280   0.   0.
-2.2   -2   3455   3837   0.0299   0.   0.
-2.2   -2   3837   4257   0.0319   0.   0.
-2.2   -2   4257   4719   0.0286   0.   0.
-2.2   -2   4719   5226.5   0.0315   0.   0.
-2.2   -2   5226.5   5784   0.0346   0.   0.
-2.2   -2   5784   6538   0.0379   0.   0.
-2   -1.8   9   11   0.0331   0.   0.
-2   -1.8   11   13.5   0.0337   0.   0.
-2   -1.8   13.5   16.5   0.0356   0.   0.
-2   -1.8   16.5   19.5   0.0367   0.   0.
-2   -1.8   19.5   22.5   0.0366   0.   0.
-2   -1.8   22.5   26   0.0357   0.   0.
-2   -1.8   26   30   0.0343   0.   0.
-2   -1.8   30   34.5   0.0334   0.   0.
-2   -1.8   34.5   40   0.0316   0.   0.
-2   -1.8   40   46   0.0296   0.   0.
-2   -1.8   46   52.5   0.0277   0.   0.
-2   -1.8   52.5   60   0.0262   0.   0.
-2   -1.8   60   69   0.0246   0.   0.
-2   -1.8   69   79   0.0225   0.   0.
-2   -1.8   79   90.5   0.0208   0.   0.
-2   -1.8   90.5   105.5   0.0193   0.   0.
-2   -1.8   105.5   123.5   0.0178   0.   0.
-2   -1.8   123.5   143   0.0166   0.   0.
-2   -1.8   143   163.5   0.0156   0.   0.
-2   -1.8   163.5   185   0.0148   0.   0.
-2   -1.8   185   208   0.0141   0.   0.
-2   -1.8   208   232.5   0.0134   0.   0.
-2   -1.8   232.5   258.5   0.0129   0.   0.
-2   -1.8   258.5   286   0.0124   0.   0.
-2   -1.8   286   331   0.0119   0.   0.
-2   -1.8   331   396   0.0112   0.   0.
-2   -1.8   396   468.5   0.0106   0.   0.
-2   -1.8   468.5   549.5   0.0102   0.   0.
-2   -1.8   549.5   639   0.0101   0.   0.
-2   -1.8   639   738   0.0103   0.   0.
-2   -1.8   738   847.5   0.0108   0.   0.
-2   -1.8   847.5   968.5   0.0117   0.   0.
-2   -1.8   968.5   1102   0.0127   0.   0.
-2   -1.8   1102   1249.5   0.0140   0.   0.
-2   -1.8   1249.5   1412   0.0153   0.   0.
-2   -1.8   1412   1590.5   0.0167   0.   0.
-2   -1.8   1590.5   1787   0.0182   0.   0.
-2   -1.8   1787   2003   0.0194   0.   0.
-2   -1.8   2003   2241   0.0205   0.   0.
-2   -1.8   2241   2503   0.0216   0.   0.
-2   -1.8   2503   2790.5   0.0228   0.   0.
-2   -1.8   2790.5   3107   0.0241   0.   0.
-2   -1.8   3107   3455   0.0254   0.   0.
-2   -1.8   3455   3837   0.0269   0.   0.
-2   -1.8   3837   4257   0.0285   0.   0.
-2   -1.8   4257   4719   0.0241   0.   0.
-2   -1.8   4719   5226.5   0.0267   0.   0.
-2   -1.8   5226.5   5784   0.0298   0.   0.
-2   -1.8   5784   6538   0.0329   0.   0.
-1.8   -1.6   9   11   0.0345   0.   0.
-1.8   -1.6   11   13.5   0.0333   0.   0.
-1.8   -1.6   13.5   16.5   0.0333   0.   0.
-1.8   -1.6   16.5   19.5   0.0336   0.   0.
-1.8   -1.6   19.5   22.5   0.0332   0.   0.
-1.8   -1.6   22.5   26   0.0325   0.   0.
-1.8   -1.6   26   30   0.0314   0.   0.
-1.8   -1.6   30   34.5   0.0308   0.   0.
-1.8   -1.6   34.5   40   0.0293   0.   0.
-1.8   -1.6   40   46   0.0278   0.   0.
-1.8   -1.6   46   52.5   0.0264   0.   0.
-1.8   -1.6   52.5   60   0.0252   0.   0.
-1.8   -1.6   60   69   0.0239   0.   0.
-1.8   -1.6   69   79   0.0222   0.   0.
-1.8   -1.6   79   90.5   0.0206   0.   0.
-1.8   -1.6   90.5   105.5   0.0192   0.   0.
-1.8   -1.6   105.5   123.5   0.0178   0.   0.
-1.8   -1.6   123.5   143   0.0166   0.   0.
-1.8   -1.6   143   163.5   0.0155   0.   0.
-1.8   -1.6   163.5   185   0.0147   0.   0.
-1.8   -1.6   185   208   0.0139   0.   0.
-1.8   -1.6   208   232.5   0.0133   0.   0.
-1.8   -1.6   232.5   258.5   0.0127   0.   0.
-1.8   -1.6   258.5   286   0.0122   0.   0.
-1.8   -1.6   286   331   0.0117   0.   0.
-1.8   -1.6   331   396   0.0111   0.   0.
-1.8   -1.6   396   468.5   0.0105   0.   0.
-1.8   -1.6   468.5   549.5   0.0102   0.   0.
-1.8   -1.6   549.5   639   0.0101   0.   0.
-1.8   -1.6   639   738   0.0103   0.   0.
-1.8   -1.6   738   847.5   0.0107   0.   0.
-1.8   -1.6   847.5   968.5   0.0114   0.   0.
-1.8   -1.6   968.5   1102   0.0122   0.   0.
-1.8   -1.6   1102   1249.5   0.0132   0.   0.
-1.8   -1.6   1249.5   1412   0.0143   0.   0.
-1.8   -1.6   1412   1590.5   0.0155   0.   0.
-1.8   -1.6   1590.5   1787   0.0167   0.   0.
-1.8   -1.6   1787   2003   0.0175   0.   0.
-1.8   -1.6   2003   2241   0.0183   0.   0.
-1.8   -1.6   2241   2503   0.0190   0.   0.
-1.8   -1.6   2503   2790.5   0.0198   0.   0.
-1.8   -1.6   2790.5   3107   0.0207   0.   0.
-1.8   -1.6   3107   3455   0.0216   0.   0.
-1.8   -1.6   3455   3837   0.0227   0.   0.
-1.8   -1.6   3837   4257   0.0238   0.   0.
-1.8   -1.6   4257   4719   0.0191   0.   0.
-1.8   -1.6   4719   5226.5   0.0216   0.   0.
-1.8   -1.6   5226.5   5784   0.0245   0.   0.
-1.8   -1.6   5784   6538   0.0276   0.   0.
-1.6   -1.4   9   11   0.0345   0.   0.
-1.6   -1.4   11   13.5   0.0321   0.   0.
-1.6   -1.4   13.5   16.5   0.0308   0.   0.
-1.6   -1.4   16.5   19.5   0.0299   0.   0.
-1.6   -1.4   19.5   22.5   0.0290   0.   0.
-1.6   -1.4   22.5   26   0.0281   0.   0.
-1.6   -1.4   26   30   0.0271   0.   0.
-1.6   -1.4   30   34.5   0.0267   0.   0.
-1.6   -1.4   34.5   40   0.0253   0.   0.
-1.6   -1.4   40   46   0.0240   0.   0.
-1.6   -1.4   46   52.5   0.0228   0.   0.
-1.6   -1.4   52.5   60   0.0219   0.   0.
-1.6   -1.4   60   69   0.0208   0.   0.
-1.6   -1.4   69   79   0.0194   0.   0.
-1.6   -1.4   79   90.5   0.0181   0.   0.
-1.6   -1.4   90.5   105.5   0.0170   0.   0.
-1.6   -1.4   105.5   123.5   0.0159   0.   0.
-1.6   -1.4   123.5   143   0.0149   0.   0.
-1.6   -1.4   143   163.5   0.0141   0.   0.
-1.6   -1.4   163.5   185   0.0134   0.   0.
-1.6   -1.4   185   208   0.0128   0.   0.
-1.6   -1.4   208   232.5   0.0122   0.   0.
-1.6   -1.4   232.5   258.5   0.0118   0.   0.
-1.6   -1.4   258.5   286   0.0114   0.   0.
-1.6   -1.4   286   331   0.0110   0.   0.
-1.6   -1.4   331   396   0.0105   0.   0.
-1.6   -1.4   396   468.5   0.0100   0.   0.
-1.6   -1.4   468.5   549.5   0.0097   0.   0.
-1.6   -1.4   549.5   639   0.0095   0.   0.
-1.6   -1.4   639   738   0.0096   0.   0.
-1.6   -1.4   738   847.5   0.0099   0.   0.
-1.6   -1.4   847.5   968.5   0.0103   0.   0.
-1.6   -1.4   968.5   1102   0.0109   0.   0.
-1.6   -1.4   1102   1249.5   0.0116   0.   0.
-1.6   -1.4   1249.5   1412   0.0123   0.   0.
-1.6   -1.4   1412   1590.5   0.0131   0.   0.
-1.6   -1.4   1590.5   1787   0.0140   0.   0.
-1.6   -1.4   1787   2003   0.0149   0.   0.
-1.6   -1.4   2003   2241   0.0157   0.   0.
-1.6   -1.4   2241   2503   0.0162   0.   0.
-1.6   -1.4   2503   2790.5   0.0168   0.   0.
-1.6   -1.4   2790.5   3107   0.0174   0.   0.
-1.6   -1.4   3107   3455   0.0181   0.   0.
-1.6   -1.4   3455   3837   0.0189   0.   0.
-1.6   -1.4   3837   4257   0.0192   0.   0.
-1.6   -1.4   4257   4719   0.0152   0.   0.
-1.6   -1.4   4719   5226.5   0.0177   0.   0.
-1.6   -1.4   5226.5   5784   0.0206   0.   0.
-1.6   -1.4   5784   6538   0.0237   0.   0.
-1.4   -1.2   9   11   0.0352   0.   0.
-1.4   -1.2   11   13.5   0.0334   0.   0.
-1.4   -1.2   13.5   16.5   0.0313   0.   0.
-1.4   -1.2   16.5   19.5   0.0291   0.   0.
-1.4   -1.2   19.5   22.5   0.0272   0.   0.
-1.4   -1.2   22.5   26   0.0256   0.   0.
-1.4   -1.2   26   30   0.0241   0.   0.
-1.4   -1.2   30   34.5   0.0234   0.   0.
-1.4   -1.2   34.5   40   0.0217   0.   0.
-1.4   -1.2   40   46   0.0201   0.   0.
-1.4   -1.2   46   52.5   0.0188   0.   0.
-1.4   -1.2   52.5   60   0.0178   0.   0.
-1.4   -1.2   60   69   0.0166   0.   0.
-1.4   -1.2   69   79   0.0153   0.   0.
-1.4   -1.2   79   90.5   0.0142   0.   0.
-1.4   -1.2   90.5   105.5   0.0132   0.   0.
-1.4   -1.2   105.5   123.5   0.0121   0.   0.
-1.4   -1.2   123.5   143   0.0110   0.   0.
-1.4   -1.2   143   163.5   0.0101   0.   0.
-1.4   -1.2   163.5   185   0.0094   0.   0.
-1.4   -1.2   185   208   0.0087   0.   0.
-1.4   -1.2   208   232.5   0.0081   0.   0.
-1.4   -1.2   232.5   258.5   0.0075   0.   0.
-1.4   -1.2   258.5   286   0.0070   0.   0.
-1.4   -1.2   286   331   0.0065   0.   0.
-1.4   -1.2   331   396   0.0058   0.   0.
-1.4   -1.2   396   468.5   0.0051   0.   0.
-1.4   -1.2   468.5   549.5   0.0047   0.   0.
-1.4   -1.2   549.5   639   0.0045   0.   0.
-1.4   -1.2   639   738   0.0046   0.   0.
-1.4   -1.2   738   847.5   0.0050   0.   0.
-1.4   -1.2   847.5   968.5   0.0055   0.   0.
-1.4   -1.2   968.5   1102   0.0062   0.   0.
-1.4   -1.2   1102   1249.5   0.0070   0.   0.
-1.4   -1.2   1249.5   1412   0.0077   0.   0.
-1.4   -1.2   1412   1590.5   0.0085   0.   0.
-1.4   -1.2   1590.5   1787   0.0093   0.   0.
-1.4   -1.2   1787   2003   0.0101   0.   0.
-1.4   -1.2   2003   2241   0.0109   0.   0.
-1.4   -1.2   2241   2503   0.0117   0.   0.
-1.4   -1.2   2503   2790.5   0.0125   0.   0.
-1.4   -1.2   2790.5   3107   0.0131   0.   0.
-1.4   -1.2   3107   3455   0.0135   0.   0.
-1.4   -1.2   3455   3837   0.0139   0.   0.
-1.4   -1.2   3837   4257   0.0145   0.   0.
-1.4   -1.2   4257   4719   0.0117   0.   0.
-1.4   -1.2   4719   5226.5   0.0141   0.   0.
-1.4   -1.2   5226.5   5784   0.0171   0.   0.
-1.4   -1.2   5784   6538   0.0202   0.   0.
-1.2   -1   9   11   0.0354   0.   0.
-1.2   -1   11   13.5   0.0333   0.   0.
-1.2   -1   13.5   16.5   0.0309   0.   0.
-1.2   -1   16.5   19.5   0.0285   0.   0.
-1.2   -1   19.5   22.5   0.0265   0.   0.
-1.2   -1   22.5   26   0.0250   0.   0.
-1.2   -1   26   30   0.0236   0.   0.
-1.2   -1   30   34.5   0.0229   0.   0.
-1.2   -1   34.5   40   0.0213   0.   0.
-1.2   -1   40   46   0.0197   0.   0.
-1.2   -1   46   52.5   0.0185   0.   0.
-1.2   -1   52.5   60   0.0176   0.   0.
-1.2   -1   60   69   0.0165   0.   0.
-1.2   -1   69   79   0.0153   0.   0.
-1.2   -1   79   90.5   0.0142   0.   0.
-1.2   -1   90.5   105.5   0.0132   0.   0.
-1.2   -1   105.5   123.5   0.0121   0.   0.
-1.2   -1   123.5   143   0.0111   0.   0.
-1.2   -1   143   163.5   0.0102   0.   0.
-1.2   -1   163.5   185   0.0094   0.   0.
-1.2   -1   185   208   0.0087   0.   0.
-1.2   -1   208   232.5   0.0080   0.   0.
-1.2   -1   232.5   258.5   0.0074   0.   0.
-1.2   -1   258.5   286   0.0069   0.   0.
-1.2   -1   286   331   0.0064   0.   0.
-1.2   -1   331   396   0.0058   0.   0.
-1.2   -1   396   468.5   0.0051   0.   0.
-1.2   -1   468.5   549.5   0.0046   0.   0.
-1.2   -1   549.5   639   0.0045   0.   0.
-1.2   -1   639   738   0.0046   0.   0.
-1.2   -1   738   847.5   0.0049   0.   0.
-1.2   -1   847.5   968.5   0.0055   0.   0.
-1.2   -1   968.5   1102   0.0061   0.   0.
-1.2   -1   1102   1249.5   0.0068   0.   0.
-1.2   -1   1249.5   1412   0.0075   0.   0.
-1.2   -1   1412   1590.5   0.0082   0.   0.
-1.2   -1   1590.5   1787   0.0089   0.   0.
-1.2   -1   1787   2003   0.0097   0.   0.
-1.2   -1   2003   2241   0.0104   0.   0.
-1.2   -1   2241   2503   0.0111   0.   0.
-1.2   -1   2503   2790.5   0.0118   0.   0.
-1.2   -1   2790.5   3107   0.0123   0.   0.
-1.2   -1   3107   3455   0.0126   0.   0.
-1.2   -1   3455   3837   0.0130   0.   0.
-1.2   -1   3837   4257   0.0133   0.   0.
-1.2   -1   4257   4719   0.0105   0.   0.
-1.2   -1   4719   5226.5   0.0129   0.   0.
-1.2   -1   5226.5   5784   0.0160   0.   0.
-1.2   -1   5784   6538   0.0192   0.   0.
-1   -0.8   9   11   0.0339   0.   0.
-1   -0.8   11   13.5   0.0314   0.   0.
-1   -0.8   13.5   16.5   0.0285   0.   0.
-1   -0.8   16.5   19.5   0.0258   0.   0.
-1   -0.8   19.5   22.5   0.0237   0.   0.
-1   -0.8   22.5   26   0.0220   0.   0.
-1   -0.8   26   30   0.0206   0.   0.
-1   -0.8   30   34.5   0.0199   0.   0.
-1   -0.8   34.5   40   0.0180   0.   0.
-1   -0.8   40   46   0.0163   0.   0.
-1   -0.8   46   52.5   0.0149   0.   0.
-1   -0.8   52.5   60   0.0138   0.   0.
-1   -0.8   60   69   0.0129   0.   0.
-1   -0.8   69   79   0.0119   0.   0.
-1   -0.8   79   90.5   0.0111   0.   0.
-1   -0.8   90.5   105.5   0.0104   0.   0.
-1   -0.8   105.5   123.5   0.0096   0.   0.
-1   -0.8   123.5   143   0.0089   0.   0.
-1   -0.8   143   163.5   0.0084   0.   0.
-1   -0.8   163.5   185   0.0079   0.   0.
-1   -0.8   185   208   0.0074   0.   0.
-1   -0.8   208   232.5   0.0070   0.   0.
-1   -0.8   232.5   258.5   0.0067   0.   0.
-1   -0.8   258.5   286   0.0063   0.   0.
-1   -0.8   286   331   0.0060   0.   0.
-1   -0.8   331   396   0.0056   0.   0.
-1   -0.8   396   468.5   0.0052   0.   0.
-1   -0.8   468.5   549.5   0.0049   0.   0.
-1   -0.8   549.5   639   0.0048   0.   0.
-1   -0.8   639   738   0.0048   0.   0.
-1   -0.8   738   847.5   0.0049   0.   0.
-1   -0.8   847.5   968.5   0.0051   0.   0.
-1   -0.8   968.5   1102   0.0054   0.   0.
-1   -0.8   1102   1249.5   0.0058   0.   0.
-1   -0.8   1249.5   1412   0.0061   0.   0.
-1   -0.8   1412   1590.5   0.0065   0.   0.
-1   -0.8   1590.5   1787   0.0069   0.   0.
-1   -0.8   1787   2003   0.0073   0.   0.
-1   -0.8   2003   2241   0.0077   0.   0.
-1   -0.8   2241   2503   0.0080   0.   0.
-1   -0.8   2503   2790.5   0.0084   0.   0.
-1   -0.8   2790.5   3107   0.0088   0.   0.
-1   -0.8   3107   3455   0.0091   0.   0.
-1   -0.8   3455   3837   0.0094   0.   0.
-1   -0.8   3837   4257   0.0097   0.   0.
-1   -0.8   4257   4719   0.0094   0.   0.
-1   -0.8   4719   5226.5   0.0120   0.   0.
-1   -0.8   5226.5   5784   0.0152   0.   0.
-1   -0.8   5784   6538   0.0184   0.   0.
-0.8   -0.6   9   11   0.0327   0.   0.
-0.8   -0.6   11   13.5   0.0299   0.   0.
-0.8   -0.6   13.5   16.5   0.0271   0.   0.
-0.8   -0.6   16.5   19.5   0.0244   0.   0.
-0.8   -0.6   19.5   22.5   0.0223   0.   0.
-0.8   -0.6   22.5   26   0.0207   0.   0.
-0.8   -0.6   26   30   0.0194   0.   0.
-0.8   -0.6   30   34.5   0.0187   0.   0.
-0.8   -0.6   34.5   40   0.0168   0.   0.
-0.8   -0.6   40   46   0.0150   0.   0.
-0.8   -0.6   46   52.5   0.0135   0.   0.
-0.8   -0.6   52.5   60   0.0124   0.   0.
-0.8   -0.6   60   69   0.0115   0.   0.
-0.8   -0.6   69   79   0.0106   0.   0.
-0.8   -0.6   79   90.5   0.0098   0.   0.
-0.8   -0.6   90.5   105.5   0.0092   0.   0.
-0.8   -0.6   105.5   123.5   0.0085   0.   0.
-0.8   -0.6   123.5   143   0.0079   0.   0.
-0.8   -0.6   143   163.5   0.0073   0.   0.
-0.8   -0.6   163.5   185   0.0069   0.   0.
-0.8   -0.6   185   208   0.0065   0.   0.
-0.8   -0.6   208   232.5   0.0062   0.   0.
-0.8   -0.6   232.5   258.5   0.0059   0.   0.
-0.8   -0.6   258.5   286   0.0056   0.   0.
-0.8   -0.6   286   331   0.0054   0.   0.
-0.8   -0.6   331   396   0.0051   0.   0.
-0.8   -0.6   396   468.5   0.0048   0.   0.
-0.8   -0.6   468.5   549.5   0.0046   0.   0.
-0.8   -0.6   549.5   639   0.0045   0.   0.
-0.8   -0.6   639   738   0.0045   0.   0.
-0.8   -0.6   738   847.5   0.0047   0.   0.
-0.8   -0.6   847.5   968.5   0.0049   0.   0.
-0.8   -0.6   968.5   1102   0.0052   0.   0.
-0.8   -0.6   1102   1249.5   0.0055   0.   0.
-0.8   -0.6   1249.5   1412   0.0058   0.   0.
-0.8   -0.6   1412   1590.5   0.0061   0.   0.
-0.8   -0.6   1590.5   1787   0.0064   0.   0.
-0.8   -0.6   1787   2003   0.0067   0.   0.
-0.8   -0.6   2003   2241   0.0071   0.   0.
-0.8   -0.6   2241   2503   0.0073   0.   0.
-0.8   -0.6   2503   2790.5   0.0076   0.   0.
-0.8   -0.6   2790.5   3107   0.0078   0.   0.
-0.8   -0.6   3107   3455   0.0081   0.   0.
-0.8   -0.6   3455   3837   0.0083   0.   0.
-0.8   -0.6   3837   4257   0.0086   0.   0.
-0.8   -0.6   4257   4719   0.0088   0.   0.
-0.8   -0.6   4719   5226.5   0.0114   0.   0.
-0.8   -0.6   5226.5   5784   0.0147   0.   0.
-0.8   -0.6   5784   6538   0.0179   0.   0.
-0.6   -0.4   9   11   0.0360   0.   0.
-0.6   -0.4   11   13.5   0.0329   0.   0.
-0.6   -0.4   13.5   16.5   0.0297   0.   0.
-0.6   -0.4   16.5   19.5   0.0268   0.   0.
-0.6   -0.4   19.5   22.5   0.0246   0.   0.
-0.6   -0.4   22.5   26   0.0230   0.   0.
-0.6   -0.4   26   30   0.0216   0.   0.
-0.6   -0.4   30   34.5   0.0209   0.   0.
-0.6   -0.4   34.5   40   0.0192   0.   0.
-0.6   -0.4   40   46   0.0176   0.   0.
-0.6   -0.4   46   52.5   0.0164   0.   0.
-0.6   -0.4   52.5   60   0.0154   0.   0.
-0.6   -0.4   60   69   0.0144   0.   0.
-0.6   -0.4   69   79   0.0133   0.   0.
-0.6   -0.4   79   90.5   0.0123   0.   0.
-0.6   -0.4   90.5   105.5   0.0114   0.   0.
-0.6   -0.4   105.5   123.5   0.0104   0.   0.
-0.6   -0.4   123.5   143   0.0094   0.   0.
-0.6   -0.4   143   163.5   0.0086   0.   0.
-0.6   -0.4   163.5   185   0.0079   0.   0.
-0.6   -0.4   185   208   0.0072   0.   0.
-0.6   -0.4   208   232.5   0.0067   0.   0.
-0.6   -0.4   232.5   258.5   0.0062   0.   0.
-0.6   -0.4   258.5   286   0.0058   0.   0.
-0.6   -0.4   286   331   0.0054   0.   0.
-0.6   -0.4   331   396   0.0051   0.   0.
-0.6   -0.4   396   468.5   0.0048   0.   0.
-0.6   -0.4   468.5   549.5   0.0048   0.   0.
-0.6   -0.4   549.5   639   0.0050   0.   0.
-0.6   -0.4   639   738   0.0054   0.   0.
-0.6   -0.4   738   847.5   0.0059   0.   0.
-0.6   -0.4   847.5   968.5   0.0066   0.   0.
-0.6   -0.4   968.5   1102   0.0072   0.   0.
-0.6   -0.4   1102   1249.5   0.0079   0.   0.
-0.6   -0.4   1249.5   1412   0.0085   0.   0.
-0.6   -0.4   1412   1590.5   0.0092   0.   0.
-0.6   -0.4   1590.5   1787   0.0098   0.   0.
-0.6   -0.4   1787   2003   0.0104   0.   0.
-0.6   -0.4   2003   2241   0.0111   0.   0.
-0.6   -0.4   2241   2503   0.0116   0.   0.
-0.6   -0.4   2503   2790.5   0.0122   0.   0.
-0.6   -0.4   2790.5   3107   0.0128   0.   0.
-0.6   -0.4   3107   3455   0.0132   0.   0.
-0.6   -0.4   3455   3837   0.0133   0.   0.
-0.6   -0.4   3837   4257   0.0134   0.   0.
-0.6   -0.4   4257   4719   0.0086   0.   0.
-0.6   -0.4   4719   5226.5   0.0112   0.   0.
-0.6   -0.4   5226.5   5784   0.0145   0.   0.
-0.6   -0.4   5784   6538   0.0177   0.   0.
-0.4   -0.2   9   11   0.0365   0.   0.
-0.4   -0.2   11   13.5   0.0333   0.   0.
-0.4   -0.2   13.5   16.5   0.0299   0.   0.
-0.4   -0.2   16.5   19.5   0.0269   0.   0.
-0.4   -0.2   19.5   22.5   0.0246   0.   0.
-0.4   -0.2   22.5   26   0.0230   0.   0.
-0.4   -0.2   26   30   0.0216   0.   0.
-0.4   -0.2   30   34.5   0.0209   0.   0.
-0.4   -0.2   34.5   40   0.0192   0.   0.
-0.4   -0.2   40   46   0.0176   0.   0.
-0.4   -0.2   46   52.5   0.0164   0.   0.
-0.4   -0.2   52.5   60   0.0154   0.   0.
-0.4   -0.2   60   69   0.0144   0.   0.
-0.4   -0.2   69   79   0.0133   0.   0.
-0.4   -0.2   79   90.5   0.0123   0.   0.
-0.4   -0.2   90.5   105.5   0.0114   0.   0.
-0.4   -0.2   105.5   123.5   0.0104   0.   0.
-0.4   -0.2   123.5   143   0.0094   0.   0.
-0.4   -0.2   143   163.5   0.0086   0.   0.
-0.4   -0.2   163.5   185   0.0079   0.   0.
-0.4   -0.2   185   208   0.0072   0.   0.
-0.4   -0.2   208   232.5   0.0067   0.   0.
-0.4   -0.2   232.5   258.5   0.0062   0.   0.
-0.4   -0.2   258.5   286   0.0058   0.   0.
-0.4   -0.2   286   331   0.0054   0.   0.
-0.4   -0.2   331   396   0.0051   0.   0.
-0.4   -0.2   396   468.5   0.0048   0.   0.
-0.4   -0.2   468.5   549.5   0.0048   0.   0.
-0.4   -0.2   549.5   639   0.0050   0.   0.
-0.4   -0.2   639   738   0.0054   0.   0.
-0.4   -0.2   738   847.5   0.0059   0.   0.
-0.4   -0.2   847.5   968.5   0.0066   0.   0.
-0.4   -0.2   968.5   1102   0.0072   0.   0.
-0.4   -0.2   1102   1249.5   0.0079   0.   0.
-0.4   -0.2   1249.5   1412   0.0085   0.   0.
-0.4   -0.2   1412   1590.5   0.0091   0.   0.
-0.4   -0.2   1590.5   1787   0.0098   0.   0.
-0.4   -0.2   1787   2003   0.0104   0.   0.
-0.4   -0.2   2003   2241   0.0110   0.   0.
-0.4   -0.2   2241   2503   0.0116   0.   0.
-0.4   -0.2   2503   2790.5   0.0122   0.   0.
-0.4   -0.2   2790.5   3107   0.0127   0.   0.
-0.4   -0.2   3107   3455   0.0131   0.   0.
-0.4   -0.2   3455   3837   0.0132   0.   0.
-0.4   -0.2   3837   4257   0.0133   0.   0.
-0.4   -0.2   4257   4719   0.0084   0.   0.
-0.4   -0.2   4719   5226.5   0.0111   0.   0.
-0.4   -0.2   5226.5   5784   0.0144   0.   0.
-0.4   -0.2   5784   6538   0.0176   0.   0.
-0.2   0   9   11   0.0354   0.   0.
-0.2   0   11   13.5   0.0323   0.   0.
-0.2   0   13.5   16.5   0.0290   0.   0.
-0.2   0   16.5   19.5   0.0260   0.   0.
-0.2   0   19.5   22.5   0.0238   0.   0.
-0.2   0   22.5   26   0.0221   0.   0.
-0.2   0   26   30   0.0207   0.   0.
-0.2   0   30   34.5   0.0201   0.   0.
-0.2   0   34.5   40   0.0183   0.   0.
-0.2   0   40   46   0.0167   0.   0.
-0.2   0   46   52.5   0.0154   0.   0.
-0.2   0   52.5   60   0.0144   0.   0.
-0.2   0   60   69   0.0134   0.   0.
-0.2   0   69   79   0.0124   0.   0.
-0.2   0   79   90.5   0.0114   0.   0.
-0.2   0   90.5   105.5   0.0106   0.   0.
-0.2   0   105.5   123.5   0.0097   0.   0.
-0.2   0   123.5   143   0.0089   0.   0.
-0.2   0   143   163.5   0.0081   0.   0.
-0.2   0   163.5   185   0.0075   0.   0.
-0.2   0   185   208   0.0070   0.   0.
-0.2   0   208   232.5   0.0065   0.   0.
-0.2   0   232.5   258.5   0.0061   0.   0.
-0.2   0   258.5   286   0.0058   0.   0.
-0.2   0   286   331   0.0055   0.   0.
-0.2   0   331   396   0.0052   0.   0.
-0.2   0   396   468.5   0.0049   0.   0.
-0.2   0   468.5   549.5   0.0049   0.   0.
-0.2   0   549.5   639   0.0050   0.   0.
-0.2   0   639   738   0.0053   0.   0.
-0.2   0   738   847.5   0.0058   0.   0.
-0.2   0   847.5   968.5   0.0062   0.   0.
-0.2   0   968.5   1102   0.0068   0.   0.
-0.2   0   1102   1249.5   0.0074   0.   0.
-0.2   0   1249.5   1412   0.0079   0.   0.
-0.2   0   1412   1590.5   0.0084   0.   0.
-0.2   0   1590.5   1787   0.0089   0.   0.
-0.2   0   1787   2003   0.0094   0.   0.
-0.2   0   2003   2241   0.0099   0.   0.
-0.2   0   2241   2503   0.0104   0.   0.
-0.2   0   2503   2790.5   0.0109   0.   0.
-0.2   0   2790.5   3107   0.0113   0.   0.
-0.2   0   3107   3455   0.0116   0.   0.
-0.2   0   3455   3837   0.0117   0.   0.
-0.2   0   3837   4257   0.0118   0.   0.
-0.2   0   4257   4719   0.0083   0.   0.
-0.2   0   4719   5226.5   0.0110   0.   0.
-0.2   0   5226.5   5784   0.0143   0.   0.
-0.2   0   5784   6538   0.0175   0.   0.
0   0.2   9   11   0.0358   0.   0.
0   0.2   11   13.5   0.0326   0.   0.
0   0.2   13.5   16.5   0.0293   0.   0.
0   0.2   16.5   19.5   0.0262   0.   0.
0   0.2   19.5   22.5   0.0239   0.   0.
0   0.2   22.5   26   0.0222   0.   0.
0   0.2   26   30   0.0208   0.   0.
0   0.2   30   34.5   0.0201   0.   0.
0   0.2   34.5   40   0.0183   0.   0.
0   0.2   40   46   0.0167   0.   0.
0   0.2   46   52.5   0.0154   0.   0.
0   0.2   52.5   60   0.0144   0.   0.
0   0.2   60   69   0.0134   0.   0.
0   0.2   69   79   0.0124   0.   0.
0   0.2   79   90.5   0.0114   0.   0.
0   0.2   90.5   105.5   0.0106   0.   0.
0   0.2   105.5   123.5   0.0097   0.   0.
0   0.2   123.5   143   0.0089   0.   0.
0   0.2   143   163.5   0.0081   0.   0.
0   0.2   163.5   185   0.0075   0.   0.
0   0.2   185   208   0.0070   0.   0.
0   0.2   208   232.5   0.0065   0.   0.
0   0.2   232.5   258.5   0.0061   0.   0.
0   0.2   258.5   286   0.0058   0.   0.
0   0.2   286   331   0.0055   0.   0.
0   0.2   331   396   0.0052   0.   0.
0   0.2   396   468.5   0.0049   0.   0.
0   0.2   468.5   549.5   0.0049   0.   0.
0   0.2   549.5   639   0.0050   0.   0.
0   0.2   639   738   0.0053   0.   0.
0   0.2   738   847.5   0.0058   0.   0.
0   0.2   847.5   968.5   0.0062   0.   0.
0   0.2   968.5   1102   0.0068   0.   0.
0   0.2   1102   1249.5   0.0074   0.   0.
0   0.2   1249.5   1412   0.0079   0.   0.
0   0.2   1412   1590.5   0.0084   0.   0.
0   0.2   1590.5   1787   0.0089   0.   0.
0   0.2   1787   2003   0.0094   0.   0.
0   0.2   2003   2241   0.0100   0.   0.
0   0.2   2241   2503   0.0104   0.   0.
0   0.2   2503   2790.5   0.0109   0.   0.
0   0.2   2790.5   3107   0.0114   0.   0.
0   0.2   3107   3455   0.0116   0.   0.
0   0.2   3455   3837   0.0117   0.   0.
0   0.2   3837   4257   0.0119   0.   0.
0   0.2   4257   4719   0.0084   0.   0.
0   0.2   4719   5226.5   0.0111   0.   0.
0   0.2   5226.5   5784   0.0143   0.   0.
0   0.2   5784   6538   0.0176   0.   0.
0.2   0.4   9   11   0.0372   0.   0.
0.2   0.4   11   13.5   0.0338   0.   0.
0.2   0.4   13.5   16.5   0.0303   0.   0.
0.2   0.4   16.5   19.5   0.0271   0.   0.
0.2   0.4   19.5   22.5   0.0248   0.   0.
0.2   0.4   22.5   26   0.0231   0.   0.
0.2   0.4   26   30   0.0216   0.   0.
0.2   0.4   30   34.5   0.0210   0.   0.
0.2   0.4   34.5   40   0.0192   0.   0.
0.2   0.4   40   46   0.0176   0.   0.
0.2   0.4   46   52.5   0.0164   0.   0.
0.2   0.4   52.5   60   0.0154   0.   0.
0.2   0.4   60   69   0.0144   0.   0.
0.2   0.4   69   79   0.0133   0.   0.
0.2   0.4   79   90.5   0.0123   0.   0.
0.2   0.4   90.5   105.5   0.0114   0.   0.
0.2   0.4   105.5   123.5   0.0104   0.   0.
0.2   0.4   123.5   143   0.0094   0.   0.
0.2   0.4   143   163.5   0.0086   0.   0.
0.2   0.4   163.5   185   0.0079   0.   0.
0.2   0.4   185   208   0.0072   0.   0.
0.2   0.4   208   232.5   0.0067   0.   0.
0.2   0.4   232.5   258.5   0.0062   0.   0.
0.2   0.4   258.5   286   0.0058   0.   0.
0.2   0.4   286   331   0.0054   0.   0.
0.2   0.4   331   396   0.0051   0.   0.
0.2   0.4   396   468.5   0.0048   0.   0.
0.2   0.4   468.5   549.5   0.0048   0.   0.
0.2   0.4   549.5   639   0.0050   0.   0.
0.2   0.4   639   738   0.0054   0.   0.
0.2   0.4   738   847.5   0.0059   0.   0.
0.2   0.4   847.5   968.5   0.0066   0.   0.
0.2   0.4   968.5   1102   0.0072   0.   0.
0.2   0.4   1102   1249.5   0.0079   0.   0.
0.2   0.4   1249.5   1412   0.0085   0.   0.
0.2   0.4   1412   1590.5   0.0091   0.   0.
0.2   0.4   1590.5   1787   0.0098   0.   0.
0.2   0.4   1787   2003   0.0104   0.   0.
0.2   0.4   2003   2241   0.0110   0.   0.
0.2   0.4   2241   2503   0.0116   0.   0.
0.2   0.4   2503   2790.5   0.0122   0.   0.
0.2   0.4   2790.5   3107   0.0127   0.   0.
0.2   0.4   3107   3455   0.0131   0.   0.
0.2   0.4   3455   3837   0.0132   0.   0.
0.2   0.4   3837   4257   0.0133   0.   0.
0.2   0.4   4257   4719   0.0084   0.   0.
0.2   0.4   4719   5226.5   0.0111   0.   0.
0.2   0.4   5226.5   5784   0.0144   0.   0.
0.2   0.4   5784   6538   0.0176   0.   0.
0.4   0.6   9   11   0.0372   0.   0.
0.4   0.6   11   13.5   0.0339   0.   0.
0.4   0.6   13.5   16.5   0.0305   0.   0.
0.4   0.6   16.5   19.5   0.0273   0.   0.
0.4   0.6   19.5   22.5   0.0250   0.   0.
0.4   0.6   22.5   26   0.0232   0.   0.
0.4   0.6   26   30   0.0217   0.   0.
0.4   0.6   30   34.5   0.0210   0.   0.
0.4   0.6   34.5   40   0.0193   0.   0.
0.4   0.6   40   46   0.0177   0.   0.
0.4   0.6   46   52.5   0.0164   0.   0.
0.4   0.6   52.5   60   0.0155   0.   0.
0.4   0.6   60   69   0.0144   0.   0.
0.4   0.6   69   79   0.0133   0.   0.
0.4   0.6   79   90.5   0.0123   0.   0.
0.4   0.6   90.5   105.5   0.0114   0.   0.
0.4   0.6   105.5   123.5   0.0104   0.   0.
0.4   0.6   123.5   143   0.0094   0.   0.
0.4   0.6   143   163.5   0.0086   0.   0.
0.4   0.6   163.5   185   0.0079   0.   0.
0.4   0.6   185   208   0.0072   0.   0.
0.4   0.6   208   232.5   0.0067   0.   0.
0.4   0.6   232.5   258.5   0.0062   0.   0.
0.4   0.6   258.5   286   0.0058   0.   0.
0.4   0.6   286   331   0.0055   0.   0.
0.4   0.6   331   396   0.0051   0.   0.
0.4   0.6   396   468.5   0.0048   0.   0.
0.4   0.6   468.5   549.5   0.0048   0.   0.
0.4   0.6   549.5   639   0.0050   0.   0.
0.4   0.6   639   738   0.0054   0.   0.
0.4   0.6   738   847.5   0.0059   0.   0.
0.4   0.6   847.5   968.5   0.0066   0.   0.
0.4   0.6   968.5   1102   0.0072   0.   0.
0.4   0.6   1102   1249.5   0.0079   0.   0.
0.4   0.6   1249.5   1412   0.0085   0.   0.
0.4   0.6   1412   1590.5   0.0092   0.   0.
0.4   0.6   1590.5   1787   0.0098   0.   0.
0.4   0.6   1787   2003   0.0104   0.   0.
0.4   0.6   2003   2241   0.0111   0.   0.
0.4   0.6   2241   2503   0.0117   0.   0.
0.4   0.6   2503   2790.5   0.0122   0.   0.
0.4   0.6   2790.5   3107   0.0128   0.   0.
0.4   0.6   3107   3455   0.0131   0.   0.
0.4   0.6   3455   3837   0.0133   0.   0.
0.4   0.6   3837   4257   0.0134   0.   0.
0.4   0.6   4257   4719   0.0086   0.   0.
0.4   0.6   4719   5226.5   0.0112   0.   0.
0.4   0.6   5226.5   5784   0.0145   0.   0.
0.4   0.6   5784   6538   0.0177   0.   0.
0.6   0.8   9   11   0.0326   0.   0.
0.6   0.8   11   13.5   0.0299   0.   0.
0.6   0.8   13.5   16.5   0.0270   0.   0.
0.6   0.8   16.5   19.5   0.0243   0.   0.
0.6   0.8   19.5   22.5   0.0223   0.   0.
0.6   0.8   22.5   26   0.0207   0.   0.
0.6   0.8   26   30   0.0194   0.   0.
0.6   0.8   30   34.5   0.0187   0.   0.
0.6   0.8   34.5   40   0.0168   0.   0.
0.6   0.8   40   46   0.0150   0.   0.
0.6   0.8   46   52.5   0.0135   0.   0.
0.6   0.8   52.5   60   0.0124   0.   0.
0.6   0.8   60   69   0.0115   0.   0.
0.6   0.8   69   79   0.0106   0.   0.
0.6   0.8   79   90.5   0.0098   0.   0.
0.6   0.8   90.5   105.5   0.0092   0.   0.
0.6   0.8   105.5   123.5   0.0085   0.   0.
0.6   0.8   123.5   143   0.0079   0.   0.
0.6   0.8   143   163.5   0.0073   0.   0.
0.6   0.8   163.5   185   0.0069   0.   0.
0.6   0.8   185   208   0.0065   0.   0.
0.6   0.8   208   232.5   0.0062   0.   0.
0.6   0.8   232.5   258.5   0.0059   0.   0.
0.6   0.8   258.5   286   0.0056   0.   0.
0.6   0.8   286   331   0.0054   0.   0.
0.6   0.8   331   396   0.0051   0.   0.
0.6   0.8   396   468.5   0.0048   0.   0.
0.6   0.8   468.5   549.5   0.0046   0.   0.
0.6   0.8   549.5   639   0.0045   0.   0.
0.6   0.8   639   738   0.0045   0.   0.
0.6   0.8   738   847.5   0.0047   0.   0.
0.6   0.8   847.5   968.5   0.0049   0.   0.
0.6   0.8   968.5   1102   0.0052   0.   0.
0.6   0.8   1102   1249.5   0.0055   0.   0.
0.6   0.8   1249.5   1412   0.0058   0.   0.
0.6   0.8   1412   1590.5   0.0061   0.   0.
0.6   0.8   1590.5   1787   0.0064   0.   0.
0.6   0.8   1787   2003   0.0067   0.   0.
0.6   0.8   2003   2241   0.0071   0.   0.
0.6   0.8   2241   2503   0.0073   0.   0.
0.6   0.8   2503   2790.5   0.0076   0.   0.
0.6   0.8   2790.5   3107   0.0078   0.   0.
0.6   0.8   3107   3455   0.0081   0.   0.
0.6   0.8   3455   3837   0.0083   0.   0.
0.6   0.8   3837   4257   0.0086   0.   0.
0.6   0.8   4257   4719   0.0090   0.   0.
0.6   0.8   4719   5226.5   0.0114   0.   0.
0.6   0.8   5226.5   5784   0.0147   0.   0.
0.6   0.8   5784   6538   0.0179   0.   0.
0.8   1   9   11   0.0344   0.   0.
0.8   1   11   13.5   0.0317   0.   0.
0.8   1   13.5   16.5   0.0288   0.   0.
0.8   1   16.5   19.5   0.0260   0.   0.
0.8   1   19.5   22.5   0.0238   0.   0.
0.8   1   22.5   26   0.0220   0.   0.
0.8   1   26   30   0.0206   0.   0.
0.8   1   30   34.5   0.0199   0.   0.
0.8   1   34.5   40   0.0180   0.   0.
0.8   1   40   46   0.0163   0.   0.
0.8   1   46   52.5   0.0149   0.   0.
0.8   1   52.5   60   0.0138   0.   0.
0.8   1   60   69   0.0129   0.   0.
0.8   1   69   79   0.0119   0.   0.
0.8   1   79   90.5   0.0111   0.   0.
0.8   1   90.5   105.5   0.0104   0.   0.
0.8   1   105.5   123.5   0.0096   0.   0.
0.8   1   123.5   143   0.0089   0.   0.
0.8   1   143   163.5   0.0084   0.   0.
0.8   1   163.5   185   0.0079   0.   0.
0.8   1   185   208   0.0074   0.   0.
0.8   1   208   232.5   0.0070   0.   0.
0.8   1   232.5   258.5   0.0067   0.   0.
0.8   1   258.5   286   0.0063   0.   0.
0.8   1   286   331   0.0060   0.   0.
0.8   1   331   396   0.0056   0.   0.
0.8   1   396   468.5   0.0052   0.   0.
0.8   1   468.5   549.5   0.0049   0.   0.
0.8   1   549.5   639   0.0048   0.   0.
0.8   1   639   738   0.0048   0.   0.
0.8   1   738   847.5   0.0049   0.   0.
0.8   1   847.5   968.5   0.0051   0.   0.
0.8   1   968.5   1102   0.0054   0.   0.
0.8   1   1102   1249.5   0.0058   0.   0.
0.8   1   1249.5   1412   0.0061   0.   0.
0.8   1   1412   1590.5   0.0064   0.   0.
0.8   1   1590.5   1787   0.0068   0.   0.
0.8   1   1787   2003   0.0072   0.   0.
0.8   1   2003   2241   0.0076   0.   0.
0.8   1   2241   2503   0.0079   0.   0.
0.8   1   2503   2790.5   0.0083   0.   0.
0.8   1   2790.5   3107   0.0087   0.   0.
0.8   1   3107   3455   0.0090   0.   0.
0.8   1   3455   3837   0.0092   0.   0.
0.8   1   3837   4257   0.0096   0.   0.
0.8   1   4257   4719   0.0093   0.   0.
0.8   1   4719   5226.5   0.0118   0.   0.
0.8   1   5226.5   5784   0.0150   0.   0.
0.8   1   5784   6538   0.0182   0.   0.
1   1.2   9   11   0.0365   0.   0.
1   1.2   11   13.5   0.0341   0.   0.
1   1.2   13.5   16.5   0.0314   0.   0.
1   1.2   16.5   19.5   0.0288   0.   0.
1   1.2   19.5   22.5   0.0267   0.   0.
1   1.2   22.5   26   0.0251   0.   0.
1   1.2   26   30   0.0236   0.   0.
1   1.2   30   34.5   0.0230   0.   0.
1   1.2   34.5   40   0.0213   0.   0.
1   1.2   40   46   0.0197   0.   0.
1   1.2   46   52.5   0.0185   0.   0.
1   1.2   52.5   60   0.0176   0.   0.
1   1.2   60   69   0.0165   0.   0.
1   1.2   69   79   0.0153   0.   0.
1   1.2   79   90.5   0.0142   0.   0.
1   1.2   90.5   105.5   0.0132   0.   0.
1   1.2   105.5   123.5   0.0121   0.   0.
1   1.2   123.5   143   0.0111   0.   0.
1   1.2   143   163.5   0.0102   0.   0.
1   1.2   163.5   185   0.0094   0.   0.
1   1.2   185   208   0.0087   0.   0.
1   1.2   208   232.5   0.0080   0.   0.
1   1.2   232.5   258.5   0.0074   0.   0.
1   1.2   258.5   286   0.0069   0.   0.
1   1.2   286   331   0.0064   0.   0.
1   1.2   331   396   0.0057   0.   0.
1   1.2   396   468.5   0.0051   0.   0.
1   1.2   468.5   549.5   0.0046   0.   0.
1   1.2   549.5   639   0.0045   0.   0.
1   1.2   639   738   0.0046   0.   0.
1   1.2   738   847.5   0.0049   0.   0.
1   1.2   847.5   968.5   0.0055   0.   0.
1   1.2   968.5   1102   0.0061   0.   0.
1   1.2   1102   1249.5   0.0068   0.   0.
1   1.2   1249.5   1412   0.0075   0.   0.
1   1.2   1412   1590.5   0.0082   0.   0.
1   1.2   1590.5   1787   0.0089   0.   0.
1   1.2   1787   2003   0.0096   0.   0.
1   1.2   2003   2241   0.0103   0.   0.
1   1.2   2241   2503   0.0110   0.   0.
1   1.2   2503   2790.5   0.0117   0.   0.
1   1.2   2790.5   3107   0.0121   0.   0.
1   1.2   3107   3455   0.0124   0.   0.
1   1.2   3455   3837   0.0127   0.   0.
1   1.2   3837   4257   0.0130   0.   0.
1   1.2   4257   4719   0.0102   0.   0.
1   1.2   4719   5226.5   0.0126   0.   0.
1   1.2   5226.5   5784   0.0157   0.   0.
1   1.2   5784   6538   0.0189   0.   0.
1.2   1.4   9   11   0.0354   0.   0.
1.2   1.4   11   13.5   0.0335   0.   0.
1.2   1.4   13.5   16.5   0.0312   0.   0.
1.2   1.4   16.5   19.5   0.0290   0.   0.
1.2   1.4   19.5   22.5   0.0270   0.   0.
1.2   1.4   22.5   26   0.0254   0.   0.
1.2   1.4   26   30   0.0240   0.   0.
1.2   1.4   30   34.5   0.0233   0.   0.
1.2   1.4   34.5   40   0.0216   0.   0.
1.2   1.4   40   46   0.0200   0.   0.
1.2   1.4   46   52.5   0.0187   0.   0.
1.2   1.4   52.5   60   0.0177   0.   0.
1.2   1.4   60   69   0.0166   0.   0.
1.2   1.4   69   79   0.0153   0.   0.
1.2   1.4   79   90.5   0.0142   0.   0.
1.2   1.4   90.5   105.5   0.0132   0.   0.
1.2   1.4   105.5   123.5   0.0121   0.   0.
1.2   1.4   123.5   143   0.0110   0.   0.
1.2   1.4   143   163.5   0.0101   0.   0.
1.2   1.4   163.5   185   0.0094   0.   0.
1.2   1.4   185   208   0.0087   0.   0.
1.2   1.4   208   232.5   0.0080   0.   0.
1.2   1.4   232.5   258.5   0.0075   0.   0.
1.2   1.4   258.5   286   0.0069   0.   0.
1.2   1.4   286   331   0.0065   0.   0.
1.2   1.4   331   396   0.0058   0.   0.
1.2   1.4   396   468.5   0.0051   0.   0.
1.2   1.4   468.5   549.5   0.0047   0.   0.
1.2   1.4   549.5   639   0.0045   0.   0.
1.2   1.4   639   738   0.0046   0.   0.
1.2   1.4   738   847.5   0.0050   0.   0.
1.2   1.4   847.5   968.5   0.0055   0.   0.
1.2   1.4   968.5   1102   0.0062   0.   0.
1.2   1.4   1102   1249.5   0.0069   0.   0.
1.2   1.4   1249.5   1412   0.0076   0.   0.
1.2   1.4   1412   1590.5   0.0084   0.   0.
1.2   1.4   1590.5   1787   0.0092   0.   0.
1.2   1.4   1787   2003   0.0100   0.   0.
1.2   1.4   2003   2241   0.0107   0.   0.
1.2   1.4   2241   2503   0.0115   0.   0.
1.2   1.4   2503   2790.5   0.0122   0.   0.
1.2   1.4   2790.5   3107   0.0128   0.   0.
1.2   1.4   3107   3455   0.0132   0.   0.
1.2   1.4   3455   3837   0.0136   0.   0.
1.2   1.4   3837   4257   0.0141   0.   0.
1.2   1.4   4257   4719   0.0113   0.   0.
1.2   1.4   4719   5226.5   0.0137   0.   0.
1.2   1.4   5226.5   5784   0.0168   0.   0.
1.2   1.4   5784   6538   0.0199   0.   0.
1.4   1.6   9   11   0.0348   0.   0.
1.4   1.6   11   13.5   0.0323   0.   0.
1.4   1.6   13.5   16.5   0.0309   0.   0.
1.4   1.6   16.5   19.5   0.0299   0.   0.
1.4   1.6   19.5   22.5   0.0289   0.   0.
1.4   1.6   22.5   26   0.0280   0.   0.
1.4   1.6   26   30   0.0270   0.   0.
1.4   1.6   30   34.5   0.0266   0.   0.
1.4   1.6   34.5   40   0.0252   0.   0.
1.4   1.6   40   46   0.0239   0.   0.
1.4   1.6   46   52.5   0.0227   0.   0.
1.4   1.6   52.5   60   0.0218   0.   0.
1.4   1.6   60   69   0.0207   0.   0.
1.4   1.6   69   79   0.0193   0.   0.
1.4   1.6   79   90.5   0.0181   0.   0.
1.4   1.6   90.5   105.5   0.0170   0.   0.
1.4   1.6   105.5   123.5   0.0159   0.   0.
1.4   1.6   123.5   143   0.0149   0.   0.
1.4   1.6   143   163.5   0.0106   0.   0.
1.4   1.6   163.5   185   0.0134   0.   0.
1.4   1.6   185   208   0.0128   0.   0.
1.4   1.6   208   232.5   0.0122   0.   0.
1.4   1.6   232.5   258.5   0.0118   0.   0.
1.4   1.6   258.5   286   0.0113   0.   0.
1.4   1.6   286   331   0.0110   0.   0.
1.4   1.6   331   396   0.0105   0.   0.
1.4   1.6   396   468.5   0.0100   0.   0.
1.4   1.6   468.5   549.5   0.0097   0.   0.
1.4   1.6   549.5   639   0.0095   0.   0.
1.4   1.6   639   738   0.0096   0.   0.
1.4   1.6   738   847.5   0.0099   0.   0.
1.4   1.6   847.5   968.5   0.0103   0.   0.
1.4   1.6   968.5   1102   0.0109   0.   0.
1.4   1.6   1102   1249.5   0.0116   0.   0.
1.4   1.6   1249.5   1412   0.0123   0.   0.
1.4   1.6   1412   1590.5   0.0131   0.   0.
1.4   1.6   1590.5   1787   0.0139   0.   0.
1.4   1.6   1787   2003   0.0148   0.   0.
1.4   1.6   2003   2241   0.0156   0.   0.
1.4   1.6   2241   2503   0.0161   0.   0.
1.4   1.6   2503   2790.5   0.0167   0.   0.
1.4   1.6   2790.5   3107   0.0173   0.   0.
1.4   1.6   3107   3455   0.0179   0.   0.
1.4   1.6   3455   3837   0.0187   0.   0.
1.4   1.6   3837   4257   0.0189   0.   0.
1.4   1.6   4257   4719   0.0150   0.   0.
1.4   1.6   4719   5226.5   0.0174   0.   0.
1.4   1.6   5226.5   5784   0.0203   0.   0.
1.4   1.6   5784   6538   0.0234   0.   0.
1.6   1.8   9   11   0.0346   0.   0.
1.6   1.8   11   13.5   0.0335   0.   0.
1.6   1.8   13.5   16.5   0.0336   0.   0.
1.6   1.8   16.5   19.5   0.0336   0.   0.
1.6   1.8   19.5   22.5   0.0332   0.   0.
1.6   1.8   22.5   26   0.0324   0.   0.
1.6   1.8   26   30   0.0313   0.   0.
1.6   1.8   30   34.5   0.0307   0.   0.
1.6   1.8   34.5   40   0.0292   0.   0.
1.6   1.8   40   46   0.0277   0.   0.
1.6   1.8   46   52.5   0.0263   0.   0.
1.6   1.8   52.5   60   0.0252   0.   0.
1.6   1.8   60   69   0.0239   0.   0.
1.6   1.8   69   79   0.0221   0.   0.
1.6   1.8   79   90.5   0.0206   0.   0.
1.6   1.8   90.5   105.5   0.0192   0.   0.
1.6   1.8   105.5   123.5   0.0178   0.   0.
1.6   1.8   123.5   143   0.0165   0.   0.
1.6   1.8   143   163.5   0.0155   0.   0.
1.6   1.8   163.5   185   0.0147   0.   0.
1.6   1.8   185   208   0.0139   0.   0.
1.6   1.8   208   232.5   0.0133   0.   0.
1.6   1.8   232.5   258.5   0.0127   0.   0.
1.6   1.8   258.5   286   0.0122   0.   0.
1.6   1.8   286   331   0.0117   0.   0.
1.6   1.8   331   396   0.0111   0.   0.
1.6   1.8   396   468.5   0.0105   0.   0.
1.6   1.8   468.5   549.5   0.0102   0.   0.
1.6   1.8   549.5   639   0.0101   0.   0.
1.6   1.8   639   738   0.0103   0.   0.
1.6   1.8   738   847.5   0.0107   0.   0.
1.6   1.8   847.5   968.5   0.0114   0.   0.
1.6   1.8   968.5   1102   0.0122   0.   0.
1.6   1.8   1102   1249.5   0.0132   0.   0.
1.6   1.8   1249.5   1412   0.0143   0.   0.
1.6   1.8   1412   1590.5   0.0154   0.   0.
1.6   1.8   1590.5   1787   0.0166   0.   0.
1.6   1.8   1787   2003   0.0175   0.   0.
1.6   1.8   2003   2241   0.0182   0.   0.
1.6   1.8   2241   2503   0.0189   0.   0.
1.6   1.8   2503   2790.5   0.0197   0.   0.
1.6   1.8   2790.5   3107   0.0206   0.   0.
1.6   1.8   3107   3455   0.0215   0.   0.
1.6   1.8   3455   3837   0.0225   0.   0.
1.6   1.8   3837   4257   0.0237   0.   0.
1.6   1.8   4257   4719   0.0189   0.   0.
1.6   1.8   4719   5226.5   0.0214   0.   0.
1.6   1.8   5226.5   5784   0.0243   0.   0.
1.6   1.8   5784   6538   0.0274   0.   0.
1.8   2   9   11   0.0336   0.   0.
1.8   2   11   13.5   0.0327   0.   0.
1.8   2   13.5   16.5   0.0342   0.   0.
1.8   2   16.5   19.5   0.0355   0.   0.
1.8   2   19.5   22.5   0.0355   0.   0.
1.8   2   22.5   26   0.0348   0.   0.
1.8   2   26   30   0.0336   0.   0.
1.8   2   30   34.5   0.0329   0.   0.
1.8   2   34.5   40   0.0312   0.   0.
1.8   2   40   46   0.0293   0.   0.
1.8   2   46   52.5   0.0275   0.   0.
1.8   2   52.5   60   0.0261   0.   0.
1.8   2   60   69   0.0245   0.   0.
1.8   2   69   79   0.0225   0.   0.
1.8   2   79   90.5   0.0208   0.   0.
1.8   2   90.5   105.5   0.0193   0.   0.
1.8   2   105.5   123.5   0.0178   0.   0.
1.8   2   123.5   143   0.0166   0.   0.
1.8   2   143   163.5   0.0156   0.   0.
1.8   2   163.5   185   0.0148   0.   0.
1.8   2   185   208   0.0140   0.   0.
1.8   2   208   232.5   0.0134   0.   0.
1.8   2   232.5   258.5   0.0129   0.   0.
1.8   2   258.5   286   0.0123   0.   0.
1.8   2   286   331   0.0119   0.   0.
1.8   2   331   396   0.0112   0.   0.
1.8   2   396   468.5   0.0106   0.   0.
1.8   2   468.5   549.5   0.0102   0.   0.
1.8   2   549.5   639   0.0101   0.   0.
1.8   2   639   738   0.0103   0.   0.
1.8   2   738   847.5   0.0108   0.   0.
1.8   2   847.5   968.5   0.0117   0.   0.
1.8   2   968.5   1102   0.0127   0.   0.
1.8   2   1102   1249.5   0.0140   0.   0.
1.8   2   1249.5   1412   0.0153   0.   0.
1.8   2   1412   1590.5   0.0167   0.   0.
1.8   2   1590.5   1787   0.0182   0.   0.
1.8   2   1787   2003   0.0194   0.   0.
1.8   2   2003   2241   0.0205   0.   0.
1.8   2   2241   2503   0.0216   0.   0.
1.8   2   2503   2790.5   0.0228   0.   0.
1.8   2   2790.5   3107   0.0240   0.   0.
1.8   2   3107   3455   0.0254   0.   0.
1.8   2   3455   3837   0.0269   0.   0.
1.8   2   3837   4257   0.0285   0.   0.
1.8   2   4257   4719   0.0241   0.   0.
1.8   2   4719   5226.5   0.0267   0.   0.
1.8   2   5226.5   5784   0.0298   0.   0.
1.8   2   5784   6538   0.0329   0.   0.
2   2.2   9   11   0.0302   0.   0.
2   2.2   11   13.5   0.0313   0.   0.
2   2.2   13.5   16.5   0.0341   0.   0.
2   2.2   16.5   19.5   0.0356   0.   0.
2   2.2   19.5   22.5   0.0355   0.   0.
2   2.2   22.5   26   0.0345   0.   0.
2   2.2   26   30   0.0328   0.   0.
2   2.2   30   34.5   0.0317   0.   0.
2   2.2   34.5   40   0.0295   0.   0.
2   2.2   40   46   0.0271   0.   0.
2   2.2   46   52.5   0.0249   0.   0.
2   2.2   52.5   60   0.0230   0.   0.
2   2.2   60   69   0.0211   0.   0.
2   2.2   69   79   0.0191   0.   0.
2   2.2   79   90.5   0.0174   0.   0.
2   2.2   90.5   105.5   0.0161   0.   0.
2   2.2   105.5   123.5   0.0148   0.   0.
2   2.2   123.5   143   0.0138   0.   0.
2   2.2   143   163.5   0.0131   0.   0.
2   2.2   163.5   185   0.0126   0.   0.
2   2.2   185   208   0.0121   0.   0.
2   2.2   208   232.5   0.0117   0.   0.
2   2.2   232.5   258.5   0.0113   0.   0.
2   2.2   258.5   286   0.0109   0.   0.
2   2.2   286   331   0.0105   0.   0.
2   2.2   331   396   0.0100   0.   0.
2   2.2   396   468.5   0.0095   0.   0.
2   2.2   468.5   549.5   0.0092   0.   0.
2   2.2   549.5   639   0.0093   0.   0.
2   2.2   639   738   0.0096   0.   0.
2   2.2   738   847.5   0.0103   0.   0.
2   2.2   847.5   968.5   0.0113   0.   0.
2   2.2   968.5   1102   0.0125   0.   0.
2   2.2   1102   1249.5   0.0139   0.   0.
2   2.2   1249.5   1412   0.0154   0.   0.
2   2.2   1412   1590.5   0.0168   0.   0.
2   2.2   1590.5   1787   0.0181   0.   0.
2   2.2   1787   2003   0.0224   0.   0.
2   2.2   2003   2241   0.0210   0.   0.
2   2.2   2241   2503   0.0216   0.   0.
2   2.2   2503   2790.5   0.0239   0.   0.
2   2.2   2790.5   3107   0.0255   0.   0.
2   2.2   3107   3455   0.0271   0.   0.
2   2.2   3455   3837   0.0290   0.   0.
2   2.2   3837   4257   0.0309   0.   0.
2   2.2   4257   4719   0.0276   0.   0.
2   2.2   4719   5226.5   0.0303   0.   0.
2   2.2   5226.5   5784   0.0335   0.   0.
2   2.2   5784   6538   0.0367   0.   0.
2.2   2.4   9   11   0.0331   0.   0.
2.2   2.4   11   13.5   0.0358   0.   0.
2.2   2.4   13.5   16.5   0.0375   0.   0.
2.2   2.4   16.5   19.5   0.0376   0.   0.
2.2   2.4   19.5   22.5   0.0365   0.   0.
2.2   2.4   22.5   26   0.0348   0.   0.
2.2   2.4   26   30   0.0328   0.   0.
2.2   2.4   30   34.5   0.0314   0.   0.
2.2   2.4   34.5   40   0.0292   0.   0.
2.2   2.4   40   46   0.0269   0.   0.
2.2   2.4   46   52.5   0.0250   0.   0.
2.2   2.4   52.5   60   0.0234   0.   0.
2.2   2.4   60   69   0.0217   0.   0.
2.2   2.4   69   79   0.0198   0.   0.
2.2   2.4   79   90.5   0.0182   0.   0.
2.2   2.4   90.5   105.5   0.0168   0.   0.
2.2   2.4   105.5   123.5   0.0155   0.   0.
2.2   2.4   123.5   143   0.0143   0.   0.
2.2   2.4   143   163.5   0.0134   0.   0.
2.2   2.4   163.5   185   0.0126   0.   0.
2.2   2.4   185   208   0.0111   0.   0.
2.2   2.4   208   232.5   0.0113   0.   0.
2.2   2.4   232.5   258.5   0.0107   0.   0.
2.2   2.4   258.5   286   0.0101   0.   0.
2.2   2.4   286   331   0.0096   0.   0.
2.2   2.4   331   396   0.0090   0.   0.
2.2   2.4   396   468.5   0.0084   0.   0.
2.2   2.4   468.5   549.5   0.0081   0.   0.
2.2   2.4   549.5   639   0.0083   0.   0.
2.2   2.4   639   738   0.0089   0.   0.
2.2   2.4   738   847.5   0.0099   0.   0.
2.2   2.4   847.5   968.5   0.0111   0.   0.
2.2   2.4   968.5   1102   0.0125   0.   0.
2.2   2.4   1102   1249.5   0.0140   0.   0.
2.2   2.4   1249.5   1412   0.0151   0.   0.
2.2   2.4   1412   1590.5   0.0163   0.   0.
2.2   2.4   1590.5   1787   0.0175   0.   0.
2.2   2.4   1787   2003   0.0188   0.   0.
2.2   2.4   2003   2241   0.0202   0.   0.
2.2   2.4   2241   2503   0.0216   0.   0.
2.2   2.4   2503   2790.5   0.0230   0.   0.
2.2   2.4   2790.5   3107   0.0245   0.   0.
2.2   2.4   3107   3455   0.0260   0.   0.
2.2   2.4   3455   3837   0.0277   0.   0.
2.2   2.4   3837   4257   0.0294   0.   0.
2.2   2.4   4257   4719   0.0269   0.   0.
2.2   2.4   4719   5226.5   0.0295   0.   0.
2.2   2.4   5226.5   5784   0.0325   0.   0.
2.2   2.4   5784   6538   0.0356   0.   0.
2.4   2.6   9   11   0.1302   0.   0.
2.4   2.6   11   13.5   0.1058   0.   0.
2.4   2.6   13.5   16.5   0.0846   0.   0.
2.4   2.6   16.5   19.5   0.0675   0.   0.
2.4   2.6   19.5   22.5   0.0558   0.   0.
2.4   2.6   22.5   26   0.0477   0.   0.
2.4   2.6   26   30   0.0411   0.   0.
2.4   2.6   30   34.5   0.0370   0.   0.
2.4   2.6   34.5   40   0.0333   0.   0.
2.4   2.6   40   46   0.0305   0.   0.
2.4   2.6   46   52.5   0.0286   0.   0.
2.4   2.6   52.5   60   0.0275   0.   0.
2.4   2.6   60   69   0.0264   0.   0.
2.4   2.6   69   79   0.0244   0.   0.
2.4   2.6   79   90.5   0.0225   0.   0.
2.4   2.6   90.5   105.5   0.0208   0.   0.
2.4   2.6   105.5   123.5   0.0190   0.   0.
2.4   2.6   123.5   143   0.0172   0.   0.
2.4   2.6   143   163.5   0.0157   0.   0.
2.4   2.6   163.5   185   0.0126   0.   0.
2.4   2.6   185   208   0.0131   0.   0.
2.4   2.6   208   232.5   0.0122   0.   0.
2.4   2.6   232.5   258.5   0.0114   0.   0.
2.4   2.6   258.5   286   0.0107   0.   0.
2.4   2.6   286   331   0.0103   0.   0.
2.4   2.6   331   396   0.0101   0.   0.
2.4   2.6   396   468.5   0.0104   0.   0.
2.4   2.6   468.5   549.5   0.0112   0.   0.
2.4   2.6   549.5   639   0.0125   0.   0.
2.4   2.6   639   738   0.0140   0.   0.
2.4   2.6   738   847.5   0.0156   0.   0.
2.4   2.6   847.5   968.5   0.0173   0.   0.
2.4   2.6   968.5   1102   0.0180   0.   0.
2.4   2.6   1102   1249.5   0.0183   0.   0.
2.4   2.6   1249.5   1412   0.0186   0.   0.
2.4   2.6   1412   1590.5   0.0190   0.   0.
2.4   2.6   1590.5   1787   0.0194   0.   0.
2.4   2.6   1787   2003   0.0198   0.   0.
2.4   2.6   2003   2241   0.0202   0.   0.
2.4   2.6   2241   2503   0.0206   0.   0.
2.4   2.6   2503   2790.5   0.0210   0.   0.
2.4   2.6   2790.5   3107   0.0214   0.   0.
2.4   2.6   3107   3455   0.0218   0.   0.
2.4   2.6   3455   3837   0.0277   0.   0.
2.4   2.6   3837   4257   0.0226   0.   0.
2.4   2.6   4257   4719   0.0173   0.   0.
2.4   2.6   4719   5226.5   0.0192   0.   0.
2.4   2.6   5226.5   5784   0.0217   0.   0.
2.4   2.6   5784   6538   0.0243   0.   0.
2.6   2.8   9   11   0.1414   0.   0.
2.6   2.8   11   13.5   0.1180   0.   0.
2.6   2.8   13.5   16.5   0.0977   0.   0.
2.6   2.8   16.5   19.5   0.0815   0.   0.
2.6   2.8   19.5   22.5   0.0707   0.   0.
2.6   2.8   22.5   26   0.0634   0.   0.
2.6   2.8   26   30   0.0576   0.   0.
2.6   2.8   30   34.5   0.0541   0.   0.
2.6   2.8   34.5   40   0.0512   0.   0.
2.6   2.8   40   46   0.0490   0.   0.
2.6   2.8   46   52.5   0.0476   0.   0.
2.6   2.8   52.5   60   0.0468   0.   0.
2.6   2.8   60   69   0.0462   0.   0.
2.6   2.8   69   79   0.0429   0.   0.
2.6   2.8   79   90.5   0.0393   0.   0.
2.6   2.8   90.5   105.5   0.0358   0.   0.
2.6   2.8   105.5   123.5   0.0320   0.   0.
2.6   2.8   123.5   143   0.0284   0.   0.
2.6   2.8   143   163.5   0.0253   0.   0.
2.6   2.8   163.5   185   0.0227   0.   0.
2.6   2.8   185   208   0.0208   0.   0.
2.6   2.8   208   232.5   0.0193   0.   0.
2.6   2.8   232.5   258.5   0.0184   0.   0.
2.6   2.8   258.5   286   0.0181   0.   0.
2.6   2.8   286   331   0.0183   0.   0.
2.6   2.8   331   396   0.0194   0.   0.
2.6   2.8   396   468.5   0.0219   0.   0.
2.6   2.8   468.5   549.5   0.0251   0.   0.
2.6   2.8   549.5   639   0.0287   0.   0.
2.6   2.8   639   738   0.0324   0.   0.
2.6   2.8   738   847.5   0.0359   0.   0.
2.6   2.8   847.5   968.5   0.0397   0.   0.
2.6   2.8   968.5   1102   0.0396   0.   0.
2.6   2.8   1102   1249.5   0.0398   0.   0.
2.6   2.8   1249.5   1412   0.0400   0.   0.
2.6   2.8   1412   1590.5   0.0402   0.   0.
2.6   2.8   1590.5   1787   0.0404   0.   0.
2.6   2.8   1787   2003   0.0406   0.   0.
2.6   2.8   2003   2241   0.0409   0.   0.
2.6   2.8   2241   2503   0.0411   0.   0.
2.6   2.8   2503   2790.5   0.0414   0.   0.
2.6   2.8   2790.5   3107   0.0416   0.   0.
2.6   2.8   3107   3455   0.0419   0.   0.
2.6   2.8   3455   3837   0.0421   0.   0.
2.6   2.8   3837   4257   0.0428   0.   0.
2.6   2.8   4257   4719   0.0191   0.   0.
2.6   2.8   4719   5226.5   0.0210   0.   0.
2.6   2.8   5226.5   5784   0.0233   0.   0.
2.6   2.8   5784   6538   0.0259   0.   0.
2.8   3   9   11   0.1420   0.   0.
2.8   3   11   13.5   0.1198   0.   0.
2.8   3   13.5   16.5   0.1000   0.   0.
2.8   3   16.5   19.5   0.0849   0.   0.
2.8   3   19.5   22.5   0.0738   0.   0.
2.8   3   22.5   26   0.0666   0.   0.
2.8   3   26   30   0.0611   0.   0.
2.8   3   30   34.5   0.0571   0.   0.
2.8   3   34.5   40   0.0546   0.   0.
2.8   3   40   46   0.0521   0.   0.
2.8   3   46   52.5   0.0507   0.   0.
2.8   3   52.5   60   0.0498   0.   0.
2.8   3   60   69   0.0492   0.   0.
2.8   3   69   79   0.0453   0.   0.
2.8   3   79   90.5   0.0402   0.   0.
2.8   3   90.5   105.5   0.0354   0.   0.
2.8   3   105.5   123.5   0.0304   0.   0.
2.8   3   123.5   143   0.0261   0.   0.
2.8   3   143   163.5   0.0231   0.   0.
2.8   3   163.5   185   0.0218   0.   0.
2.8   3   185   208   0.0221   0.   0.
2.8   3   208   232.5   0.0236   0.   0.
2.8   3   232.5   258.5   0.0260   0.   0.
2.8   3   258.5   286   0.0291   0.   0.
2.8   3   286   331   0.0325   0.   0.
2.8   3   331   396   0.0380   0.   0.
2.8   3   396   468.5   0.0444   0.   0.
2.8   3   468.5   549.5   0.0509   0.   0.
2.8   3   549.5   639   0.0579   0.   0.
2.8   3   639   738   0.0637   0.   0.
2.8   3   738   847.5   0.0711   0.   0.
2.8   3   847.5   968.5   0.0806   0.   0.
2.8   3   968.5   1102   0.0807   0.   0.
2.8   3   1102   1249.5   0.0808   0.   0.
2.8   3   1249.5   1412   0.0809   0.   0.
2.8   3   1412   1590.5   0.0811   0.   0.
2.8   3   1590.5   1787   0.0812   0.   0.
2.8   3   1787   2003   0.0813   0.   0.
2.8   3   2003   2241   0.0815   0.   0.
2.8   3   2241   2503   0.0817   0.   0.
2.8   3   2503   2790.5   0.0818   0.   0.
2.8   3   2790.5   3107   0.0820   0.   0.
2.8   3   3107   3455   0.0822   0.   0.
2.8   3   3455   3837   0.0823   0.   0.
2.8   3   3837   4257   0.0616   0.   0.
2.8   3   4257   4719   0.0233   0.   0.
2.8   3   4719   5226.5   0.0245   0.   0.
2.8   3   5226.5   5784   0.0267   0.   0.
2.8   3   5784   6538   0.0291   0.   0.
3   3.5   9   11   0.1046   0.   0.
3   3.5   11   13.5   0.0935   0.   0.
3   3.5   13.5   16.5   0.0839   0.   0.
3   3.5   16.5   19.5   0.0763   0.   0.
3   3.5   19.5   22.5   0.0713   0.   0.
3   3.5   22.5   26   0.0679   0.   0.
3   3.5   26   30   0.0653   0.   0.
3   3.5   30   34.5   0.0638   0.   0.
3   3.5   34.5   40   0.0623   0.   0.
3   3.5   40   46   0.0612   0.   0.
3   3.5   46   52.5   0.0604   0.   0.
3   3.5   52.5   60   0.0599   0.   0.
3   3.5   60   69   0.0591   0.   0.
3   3.5   69   79   0.0523   0.   0.
3   3.5   79   90.5   0.0456   0.   0.
3   3.5   90.5   105.5   0.0388   0.   0.
3   3.5   105.5   123.5   0.0312   0.   0.
3   3.5   123.5   143   0.0235   0.   0.
3   3.5   143   163.5   0.0166   0.   0.
3   3.5   163.5   185   0.0115   0.   0.
3   3.5   185   208   0.0099   0.   0.
3   3.5   208   232.5   0.0125   0.   0.
3   3.5   232.5   258.5   0.0174   0.   0.
3   3.5   258.5   286   0.0229   0.   0.
3   3.5   286   331   0.0286   0.   0.
3   3.5   331   396   0.0373   0.   0.
3   3.5   396   468.5   0.0485   0.   0.
3   3.5   468.5   549.5   0.0595   0.   0.
3   3.5   549.5   639   0.0704   0.   0.
3   3.5   639   738   0.0711   0.   0.
3   3.5   738   847.5   0.0711   0.   0.
3   3.5   847.5   968.5   0.0712   0.   0.
3   3.5   968.5   1102   0.0713   0.   0.
3   3.5   1102   1249.5   0.0714   0.   0.
3   3.5   1249.5   1412   0.0715   0.   0.
3   3.5   1412   1590.5   0.0716   0.   0.
3   3.5   1590.5   1787   0.0717   0.   0.
3   3.5   1787   2003   0.0718   0.   0.
3   3.5   2003   2241   0.0719   0.   0.
3   3.5   2241   2503   0.0720   0.   0.
3   3.5   2503   2790.5   0.0722   0.   0.
3   3.5   2790.5   3107   0.0723   0.   0.
3   3.5   3107   3455   0.0724   0.   0.
3   3.5   3455   3837   0.0433   0.   0.
3   3.5   3837   4257   0.0167   0.   0.
3   3.5   4257   4719   0.0178   0.   0.
3   3.5   4719   5226.5   0.0197   0.   0.
3   3.5   5226.5   5784   0.0221   0.   0.
3   3.5   5784   6538   0.0247   0.   0.
3.5   4   9   11   0.1152   0.   0.
3.5   4   11   13.5   0.1053   0.   0.
3.5   4   13.5   16.5   0.0972   0.   0.
3.5   4   16.5   19.5   0.0910   0.   0.
3.5   4   19.5   22.5   0.0871   0.   0.
3.5   4   22.5   26   0.0845   0.   0.
3.5   4   26   30   0.0827   0.   0.
3.5   4   30   34.5   0.0816   0.   0.
3.5   4   34.5   40   0.0805   0.   0.
3.5   4   40   46   0.0797   0.   0.
3.5   4   46   52.5   0.0792   0.   0.
3.5   4   52.5   60   0.0788   0.   0.
3.5   4   60   69   0.0793   0.   0.
3.5   4   69   79   0.0744   0.   0.
3.5   4   79   90.5   0.0640   0.   0.
3.5   4   90.5   105.5   0.0532   0.   0.
3.5   4   105.5   123.5   0.0408   0.   0.
3.5   4   123.5   143   0.0279   0.   0.
3.5   4   143   163.5   0.0169   0.   0.
3.5   4   163.5   185   0.0120   0.   0.
3.5   4   185   208   0.0176   0.   0.
3.5   4   208   232.5   0.0275   0.   0.
3.5   4   232.5   258.5   0.0385   0.   0.
3.5   4   258.5   286   0.0497   0.   0.
3.5   4   286   331   0.0609   0.   0.
3.5   4   331   396   0.0779   0.   0.
3.5   4   396   468.5   0.0843   0.   0.
3.5   4   468.5   549.5   0.0843   0.   0.
3.5   4   549.5   639   0.0843   0.   0.
3.5   4   639   738   0.0844   0.   0.
3.5   4   738   847.5   0.0844   0.   0.
3.5   4   847.5   968.5   0.0844   0.   0.
3.5   4   968.5   1102   0.0845   0.   0.
3.5   4   1102   1249.5   0.0845   0.   0.
3.5   4   1249.5   1412   0.0846   0.   0.
3.5   4   1412   1590.5   0.0846   0.   0.
3.5   4   1590.5   1787   0.0847   0.   0.
3.5   4   1787   2003   0.0847   0.   0.
3.5   4   2003   2241   0.0848   0.   0.
3.5   4   2241   2503   0.0848   0.   0.
3.5   4   2503   2790.5   0.0849   0.   0.
3.5   4   2790.5   3107   0.0723   0.   0.
3.5   4   3107   3455   0.0850   0.   0.
3.5   4   3455   3837   0.0850   0.   0.
3.5   4   3837   4257   0.0362   0.   0.
3.5   4   4257   4719   0.0151   0.   0.
3.5   4   4719   5226.5   0.0169   0.   0.
3.5   4   5226.5   5784   0.0193   0.   0.
3.5   4   5784   6538   0.0219   0.   0.
4   4.4   9   11   0.1321   0.   0.
4   4.4   11   13.5   0.1261   0.   0.
4   4.4   13.5   16.5   0.1214   0.   0.
4   4.4   16.5   19.5   0.1178   0.   0.
4   4.4   19.5   22.5   0.1157   0.   0.
4   4.4   22.5   26   0.1145   0.   0.
4   4.4   26   30   0.1135   0.   0.
4   4.4   30   34.5   0.1130   0.   0.
4   4.4   34.5   40   0.1125   0.   0.
4   4.4   40   46   0.1120   0.   0.
4   4.4   46   52.5   0.1117   0.   0.
4   4.4   52.5   60   0.1115   0.   0.
4   4.4   60   69   0.1112   0.   0.
4   4.4   69   79   0.1181   0.   0.
4   4.4   79   90.5   0.1025   0.   0.
4   4.4   90.5   105.5   0.0822   0.   0.
4   4.4   105.5   123.5   0.0576   0.   0.
4   4.4   123.5   143   0.0323   0.   0.
4   4.4   143   163.5   0.0222   0.   0.
4   4.4   163.5   185   0.0431   0.   0.
4   4.4   185   208   0.0729   0.   0.
4   4.4   208   232.5   0.1064   0.   0.
4   4.4   232.5   258.5   0.1430   0.   0.
4   4.4   258.5   286   0.1828   0.   0.
4   4.4   286   331   0.1751   0.   0.
4   4.4   331   396   0.1685   0.   0.
4   4.4   396   468.5   0.1685   0.   0.
4   4.4   468.5   549.5   0.1684   0.   0.
4   4.4   549.5   639   0.1685   0.   0.
4   4.4   639   738   0.1685   0.   0.
4   4.4   738   847.5   0.1685   0.   0.
4   4.4   847.5   968.5   0.1685   0.   0.
4   4.4   968.5   1102   0.1685   0.   0.
4   4.4   1102   1249.5   0.1685   0.   0.
4   4.4   1249.5   1412   0.1685   0.   0.
4   4.4   1412   1590.5   0.1685   0.   0.
4   4.4   1590.5   1787   0.1685   0.   0.
4   4.4   1787   2003   0.1685   0.   0.
4   4.4   2003   2241   0.1685   0.   0.
4   4.4   2241   2503   0.1685   0.   0.
4   4.4   2503   2790.5   0.1685   0.   0.
4   4.4   2790.5   3107   0.1685   0.   0.
4   4.4   3107   3455   0.1686   0.   0.
4   4.4   3455   3837   0.0947   0.   0.
4   4.4   3837   4257   0.0577   0.   0.
4   4.4   4257   4719   0.0221   0.   0.
4   4.4   4719   5226.5   0.0232   0.   0.
4   4.4   5226.5   5784   0.0249   0.   0.
4   4.4   5784   6538   0.0269   0.   0.
4.4   5   9   11   0.1223   0.   0.
4.4   5   11   13.5   0.1189   0.   0.
4.4   5   13.5   16.5   0.1162   0.   0.
4.4   5   16.5   19.5   0.1146   0.   0.
4.4   5   19.5   22.5   0.1135   0.   0.
4.4   5   22.5   26   0.1129   0.   0.
4.4   5   26   30   0.1126   0.   0.
4.4   5   30   34.5   0.1124   0.   0.
4.4   5   34.5   40   0.1120   0.   0.
4.4   5   40   46   0.1118   0.   0.
4.4   5   46   52.5   0.1115   0.   0.
4.4   5   52.5   60   0.1114   0.   0.
4.4   5   60   69   0.1111   0.   0.
4.4   5   69   79   0.1180   0.   0.
4.4   5   79   90.5   0.1024   0.   0.
4.4   5   90.5   105.5   0.0820   0.   0.
4.4   5   105.5   123.5   0.0577   0.   0.
4.4   5   123.5   143   0.0325   0.   0.
4.4   5   143   163.5   0.0227   0.   0.
4.4   5   163.5   185   0.0434   0.   0.
4.4   5   185   208   0.0732   0.   0.
4.4   5   208   232.5   0.1067   0.   0.
4.4   5   232.5   258.5   0.1432   0.   0.
4.4   5   258.5   286   0.1831   0.   0.
4.4   5   286   331   0.1754   0.   0.
4.4   5   331   396   0.1690   0.   0.
4.4   5   396   468.5   0.1690   0.   0.
4.4   5   468.5   549.5   0.1691   0.   0.
4.4   5   549.5   639   0.1693   0.   0.
4.4   5   639   738   0.1694   0.   0.
4.4   5   738   847.5   0.1695   0.   0.
4.4   5   847.5   968.5   0.1696   0.   0.
4.4   5   968.5   1102   0.1697   0.   0.
4.4   5   1102   1249.5   0.1699   0.   0.
4.4   5   1249.5   1412   0.1700   0.   0.
4.4   5   1412   1590.5   0.1701   0.   0.
4.4   5   1590.5   1787   0.1702   0.   0.
4.4   5   1787   2003   0.1704   0.   0.
4.4   5   2003   2241   0.1705   0.   0.
4.4   5   2241   2503   0.1706   0.   0.
4.4   5   2503   2790.5   0.1707   0.   0.
4.4   5   2790.5   3107   0.1708   0.   0.
4.4   5   3107   3455   0.1710   0.   0.
4.4   5   3455   3837   0.0990   0.   0.
4.4   5   3837   4257   0.0642   0.   0.
4.4   5   4257   4719   0.0376   0.   0.
4.4   5   4719   5226.5   0.0388   0.   0.
4.4   5   5226.5   5784   0.0403   0.   0.
4.4   5   5784   6538   0.0420   0.   0.
5   5.4   9   11   0.1222   0.   0.
5   5.4   11   13.5   0.1187   0.   0.
5   5.4   13.5   16.5   0.1161   0.   0.
5   5.4   16.5   19.5   0.1144   0.   0.
5   5.4   19.5   22.5   0.1134   0.   0.
5   5.4   22.5   26   0.1129   0.   0.
5   5.4   26   30   0.1125   0.   0.
5   5.4   30   34.5   0.1123   0.   0.
5   5.4   34.5   40   0.1120   0.   0.
5   5.4   40   46   0.1117   0.   0.
5   5.4   46   52.5   0.1115   0.   0.
5   5.4   52.5   60   0.1113   0.   0.
5   5.4   60   69   0.1111   0.   0.
5   5.4   69   79   0.1180   0.   0.
5   5.4   79   90.5   0.1024   0.   0.
5   5.4   90.5   105.5   0.0820   0.   0.
5   5.4   105.5   123.5   0.0575   0.   0.
5   5.4   123.5   143   0.0322   0.   0.
5   5.4   143   163.5   0.0224   0.   0.
5   5.4   163.5   185   0.0433   0.   0.
5   5.4   185   208   0.0732   0.   0.
5   5.4   208   232.5   0.1066   0.   0.
5   5.4   232.5   258.5   0.1432   0.   0.
5   5.4   258.5   286   0.1830   0.   0.
5   5.4   286   331   0.1748   0.   0.
5   5.4   331   396   0.1678   0.   0.
5   5.4   396   468.5   0.1679   0.   0.
5   5.4   468.5   549.5   0.1680   0.   0.
5   5.4   549.5   639   0.1681   0.   0.
5   5.4   639   738   0.1682   0.   0.
5   5.4   738   847.5   0.1683   0.   0.
5   5.4   847.5   968.5   0.1685   0.   0.
5   5.4   968.5   1102   0.1686   0.   0.
5   5.4   1102   1249.5   0.1687   0.   0.
5   5.4   1249.5   1412   0.1688   0.   0.
5   5.4   1412   1590.5   0.1690   0.   0.
5   5.4   1590.5   1787   0.1691   0.   0.
5   5.4   1787   2003   0.1692   0.   0.
5   5.4   2003   2241   0.1693   0.   0.
5   5.4   2241   2503   0.1695   0.   0.
5   5.4   2503   2790.5   0.1696   0.   0.
5   5.4   2790.5   3107   0.1697   0.   0.
5   5.4   3107   3455   0.1698   0.   0.
5   5.4   3455   3837   0.0970   0.   0.
5   5.4   3837   4257   0.0617   0.   0.
5   5.4   4257   4719   0.0404   0.   0.
5   5.4   4719   5226.5   0.0415   0.   0.
5   5.4   5226.5   5784   0.0429   0.   0.
5   5.4   5784   6538   0.0445   0.   0.
